[61.85, 1435.4, 11909.85, 5243.35]
[0.04415996166666666, 0.0023614233333333332, 0.08510717833333334, 0.8683714366666665]
[90.05, 2087.65, 14769.7, 5339.1]
[0.06111783666666668, 0.003877563333333333, 0.09170629666666666, 0.8432983033333334]
[82.05, 2000.85, 13246.65, 5383.4]
[0.06866565333333333, 0.0036274933333333343, 0.08834328500000001, 0.8393635683333333]
[82.15, 2006.95, 15027.05, 5261.0]
[0.058501391666666666, 0.0036567500000000003, 0.09313100333333332, 0.8447108550000001]
[86.95, 2048.5, 14614.9, 5331.85]
[0.056783271666666656, 0.004313373333333334, 0.09043206333333334, 0.8484712916666666]
repeat end
[185.35, 4389.7, 32727.65, 6997.85]
[0.14427748166666662, 0.008755389999999998, 0.1672122, 0.6797549283333333]
[188.95, 4112.2, 32077.45, 7369.55]
[0.11795010666666668, 0.00681524, 0.16313451833333337, 0.7121001349999999]
[186.0, 4079.0, 31047.8, 7524.9]
[0.17919302580645158, 0.006290185483870966, 0.15201337419354838, 0.662503414516129]
[173.95, 3893.25, 29672.15, 7555.7]
[0.17203934032258067, 0.006298035483870969, 0.1487593177419355, 0.672903306451613]
[176.85, 3866.45, 30984.4, 7523.9]
[0.17460247096774195, 0.0063241564516129025, 0.1534632, 0.6656101725806451]
repeat end
[254.4, 5429.95, 37984.75, 8328.7]
[0.20969165967741935, 0.00805097419354839, 0.1761587193548387, 0.6060986467741937]
[271.9, 5661.15, 40680.05, 8369.4]
[0.2099148806451613, 0.008484038709677419, 0.18445183870967738, 0.5971492419354838]
[273.1, 5911.65, 40822.4, 8249.35]
[0.21782452741935482, 0.009030151612903228, 0.18492746129032256, 0.5882178596774195]
[292.35, 6252.7, 41665.8, 7966.15]
[0.19732419833333337, 0.009999946666666665, 0.19223412333333334, 0.6004417316666666]
[265.1, 5795.6, 39181.9, 8176.8]
[0.16520495, 0.009393701666666667, 0.18423351166666666, 0.6411678366666668]
repeat end
[321.5, 6983.15, 46094.05, 8587.55]
[0.17844864666666665, 0.010894999999999998, 0.21002036166666666, 0.6006359916666667]
[343.15, 7476.6, 48225.65, 8407.15]
[0.1908430233333334, 0.011501321666666666, 0.21187199666666662, 0.5857836583333336]
[335.95, 7296.15, 46708.3, 8557.7]
[0.182234255, 0.011377715, 0.211488905, 0.5948991249999999]
[322.2, 6986.25, 44754.8, 8563.25]
[0.1843475233333333, 0.0107567, 0.2006898983333334, 0.6042058783333335]
[322.25, 6910.45, 45467.95, 8586.45]
[0.17791393166666664, 0.011271818333333333, 0.20548324999999998, 0.6053310000000001]
repeat end
[407.35, 8676.25, 54235.25, 8445.85]
[0.2151419016666667, 0.013220806666666668, 0.23436754166666668, 0.5372697499999999]
[431.9, 9118.75, 58459.15, 8313.3]
[0.2236821166666667, 0.01356425166666667, 0.24701630333333338, 0.5157373283333333]
[422.05, 8998.85, 55678.75, 8358.4]
[0.2378935083333334, 0.014054883333333334, 0.24139177666666667, 0.5066598316666666]
[402.7, 8695.5, 54232.05, 8492.05]
[0.21749164833333334, 0.013901353333333333, 0.23748791000000002, 0.5311190883333333]
[421.2, 8849.25, 54955.95, 8443.6]
[0.22215110833333332, 0.01387627833333333, 0.23733076166666667, 0.5266418516666668]
repeat end
[500.05, 11129.85, 61964.25, 8028.45]
[0.32929531129032263, 0.016998674193548387, 0.250222835483871, 0.4034831790322581]
[453.55, 9846.7, 59066.45, 8550.85]
[0.29388640645161296, 0.014848590322580643, 0.24146913064516135, 0.44979587258064513]
[485.85, 10375.4, 60765.95, 8220.75]
[0.32721155645161293, 0.015287929032258066, 0.2461912354838709, 0.41130927903225817]
[453.75, 9619.6, 58513.0, 8432.0]
[0.3003739, 0.01456108064516129, 0.2444463290322581, 0.4406186903225806]
[452.25, 9707.95, 60845.6, 8445.95]
[0.23779771499999997, 0.01479671, 0.2616090116666667, 0.48579656333333343]
repeat end
[511.45, 10929.25, 63804.8, 8263.9]
[0.2595201650000001, 0.016538269999999997, 0.2651810433333333, 0.4587605216666667]
[526.1, 11392.85, 66461.25, 8121.85]
[0.26757228000000005, 0.01752089, 0.27317464166666666, 0.4417321883333334]
[516.5, 11216.7, 65014.7, 8163.6]
[0.2594478883333334, 0.017027639999999997, 0.2717452316666667, 0.45177924]
[514.45, 11036.4, 64455.45, 8216.6]
[0.271688785, 0.017027441666666664, 0.27061665166666665, 0.44066712166666655]
[501.6, 10983.95, 63512.55, 8260.0]
[0.25873044833333336, 0.017069181666666666, 0.2686174966666667, 0.45558287333333336]
repeat end
[588.2, 12741.35, 70622.7, 7891.75]
[0.28350638666666667, 0.018978514999999998, 0.2859209683333333, 0.41159412999999995]
[536.15, 11578.95, 66400.2, 8232.0]
[0.2690829583333333, 0.017394711666666667, 0.27343428666666664, 0.4400880433333333]
[545.6, 11686.05, 65611.35, 8212.3]
[0.26747287499999994, 0.017848468333333332, 0.27273109833333337, 0.4419475583333334]
[527.15, 11467.5, 65771.95, 8377.05]
[0.26882272999999995, 0.017551688333333336, 0.2739870666666666, 0.43963851499999995]
[533.95, 11579.85, 65160.8, 8120.55]
[0.28117578833333334, 0.019545725, 0.2723871833333333, 0.42689130333333336]
repeat end
[561.75, 12361.75, 64973.45, 8131.7]
[0.34614893548387093, 0.01849945967741936, 0.2647349387096774, 0.3706166661290323]
[596.3, 12982.15, 70316.35, 7885.85]
[0.34923814838709677, 0.018769117741935484, 0.27584365645161296, 0.3561490774193548]
[592.0, 13022.8, 68267.2, 7855.4]
[0.3535265370967742, 0.018761159677419356, 0.267269335483871, 0.3604429677419355]
[566.2, 12201.3, 66302.95, 8257.65]
[0.3367015629032258, 0.017894904838709674, 0.26597090161290315, 0.37943263064516125]
[568.3, 12399.3, 68632.15, 8141.9]
[0.33496980483870964, 0.018184369354838706, 0.27092612258064513, 0.3759197032258064]
repeat end
[615.65, 13364.85, 72650.05, 7772.0]
[0.35621409193548387, 0.019663096774193548, 0.2830290064516129, 0.34109380483870966]
[581.5, 12868.1, 71315.65, 7966.35]
[0.3435737983870967, 0.018328598387096776, 0.28081320806451615, 0.3572843951612904]
[585.25, 12774.75, 70688.65, 8008.35]
[0.29112909666666664, 0.019431193333333333, 0.28697016166666667, 0.40246954833333337]
[627.25, 13894.0, 74087.75, 7789.45]
[0.30595476499999996, 0.02153632166666667, 0.2949681966666667, 0.3775407166666666]
[595.45, 13301.5, 68932.25, 8163.05]
[0.2907537283333334, 0.020337393333333335, 0.28406121666666667, 0.40484766166666664]
repeat end
[2.15, 199.6, 2527.0, 933.0]
[0.02371887837694591, 0.0037281031144568546, 0.08304563974639212, 0.8895073787622051]
[2.5, 259.0, 3521.9, 1125.45]
[0.034921591666666654, 0.009410055, 0.08769350333333334, 0.8679748500000002]
[2.25, 312.75, 3378.35, 1069.1]
[0.03544042333333332, 0.009157624999999999, 0.08993695833333334, 0.8654649933333335]
[1.85, 263.8, 3251.85, 1271.85]
[0.04637521812079505, 0.0019395475108939478, 0.08133489276277729, 0.8703503416055337]
[3.0, 284.7, 3506.35, 1110.85]
[0.04330871966593091, 0.004165083497920539, 0.07575246688931399, 0.8767737299468346]
repeat end
[4.9, 524.55, 7090.45, 2551.25]
[0.0831772, 0.004559176666666666, 0.16616491833333333, 0.746098705]
[5.15, 504.9, 6792.85, 2288.95]
[0.08987066666666665, 0.0054116749999999995, 0.15416197499999998, 0.7505556833333334]
[4.6, 485.85, 6799.65, 2252.0]
[0.08479387999999999, 0.004954230000000001, 0.13902769333333337, 0.7712241966666668]
[6.1, 499.0, 6539.2, 2223.65]
[0.08398620333333331, 0.006286396666666666, 0.13240120500000002, 0.777326195]
[4.75, 456.6, 6732.7, 2316.55]
[0.07963226666666667, 0.00575963, 0.1327560266666667, 0.7818520766666668]
repeat end
[7.25, 647.55, 8444.65, 2658.55]
[0.18022934516129033, 0.013463970967741934, 0.13850042096774193, 0.6678062629032258]
[6.85, 634.15, 9013.4, 2935.4]
[0.17717396935483873, 0.010457366129032256, 0.15597102096774193, 0.6563976435483871]
[7.45, 718.4, 9492.1, 2848.85]
[0.17955260483870972, 0.005453927419354838, 0.16240128870967743, 0.652592179032258]
[7.8, 758.5, 9473.9, 2988.5]
[0.18163392096774195, 0.010650554838709674, 0.15710991451612902, 0.6506056096774193]
[7.55, 661.3, 8956.4, 2765.7]
[0.1787243387096774, 0.00799875322580645, 0.15689979354838707, 0.656377114516129]
repeat end
[7.75, 748.35, 10388.05, 3124.15]
[0.1922197177419355, 0.008663646774193548, 0.15970336451612904, 0.6394132709677419]
[9.3, 841.85, 11618.45, 3326.8]
[0.14718623333333336, 0.009256338333333333, 0.17184603999999998, 0.6717113883333333]
[8.1, 759.2, 10828.2, 3115.15]
[0.13943783499999998, 0.007090114999999999, 0.18171801999999998, 0.67175403]
[7.95, 862.05, 10649.75, 2971.25]
[0.14144727999999998, 0.013173621666666668, 0.17469275666666664, 0.670686341666667]
[8.5, 816.4, 10666.5, 3107.45]
[0.14101939166666666, 0.008433644999999998, 0.17474444333333333, 0.6758025199999999]
repeat end
[9.15, 972.75, 13015.65, 3503.0]
[0.16156578833333335, 0.008954718333333332, 0.18563137166666666, 0.6438481216666666]
[10.65, 1001.0, 13430.8, 4145.9]
[0.17481512000000005, 0.011357355000000001, 0.1967269133333333, 0.6171006116666666]
[10.85, 1036.25, 13489.0, 3681.65]
[0.174481285, 0.008508028333333334, 0.200365435, 0.6166452516666666]
[10.0, 1004.35, 12897.0, 3643.65]
[0.16554331833333333, 0.007797856666666667, 0.19841016333333333, 0.6282486616666667]
[9.3, 951.15, 13109.45, 3579.55]
[0.1706088283333333, 0.010540231666666667, 0.20885657999999996, 0.6099943600000001]
repeat end
[11.9, 1159.7, 15075.15, 4188.35]
[0.20609268333333328, 0.01197190166666667, 0.20864303000000003, 0.5732923849999999]
[10.9, 1133.6, 14530.35, 3801.05]
[0.185106385, 0.008603620000000001, 0.21057336499999998, 0.59571663]
[11.85, 1187.35, 14857.5, 3952.15]
[0.2543663516129032, 0.009734920967741935, 0.2010626080645161, 0.534836119354839]
[10.95, 1127.85, 14108.25, 3884.2]
[0.24310885645161293, 0.011015243548387097, 0.19420473870967742, 0.5516711612903226]
[11.35, 1110.7, 14260.0, 3785.85]
[0.24640151612903233, 0.009450622580645161, 0.20292633709677416, 0.5412215241935483]
repeat end
[11.7, 1235.15, 15617.85, 4158.85]
[0.26047170806451614, 0.010286498387096776, 0.19953465967741935, 0.5297071338709679]
[13.3, 1223.25, 16191.15, 4298.45]
[0.20931088833333336, 0.008783581666666667, 0.21274776166666665, 0.5691577683333333]
[12.75, 1261.45, 15594.3, 4251.35]
[0.20212971166666666, 0.010664521666666666, 0.20617998833333334, 0.5810257783333332]
[11.6, 1284.25, 15796.85, 4096.25]
[0.21564673499999998, 0.009005046666666666, 0.21330765833333332, 0.5620405600000001]
[11.15, 1178.55, 15307.4, 4283.4]
[0.200309755, 0.008683965000000002, 0.21949289000000002, 0.57151339]
repeat end
[14.2, 1330.0, 17387.1, 4582.5]
[0.22572045333333332, 0.010275158333333334, 0.2246153616666667, 0.5393890266666667]
[12.85, 1208.1, 16036.4, 4390.4]
[0.21548194000000004, 0.010822946666666666, 0.20657749833333336, 0.567117615]
[12.65, 1257.65, 16453.2, 4026.6]
[0.20932642166666665, 0.009275299999999997, 0.22545281, 0.5559454683333336]
[12.5, 1241.45, 16225.35, 4130.75]
[0.21270703833333338, 0.01039069, 0.21499801333333335, 0.5619042583333334]
[13.7, 1324.55, 15966.75, 4251.9]
[0.21111156000000006, 0.010295446666666666, 0.20834267666666667, 0.5702503166666667]
repeat end
[13.25, 1398.5, 16490.8, 3903.3]
[0.22295809833333333, 0.008939363333333332, 0.22117937499999996, 0.546923163333333]
[13.65, 1451.2, 17837.15, 4378.85]
[0.23387691666666663, 0.012791161666666667, 0.23820720833333336, 0.5151247133333334]
[14.65, 1437.05, 17941.4, 4347.25]
[0.2340828, 0.011490151666666667, 0.2207157483333333, 0.5337113]
[14.25, 1367.45, 16677.5, 4083.9]
[0.21801435999999996, 0.010502521666666665, 0.19709967833333333, 0.5743834399999999]
[13.7, 1368.0, 17211.9, 4139.45]
[0.225216135, 0.010470700000000003, 0.21105508166666667, 0.5532580833333334]
repeat end
[15.45, 1483.35, 18518.5, 4400.15]
[0.29978780161290325, 0.009651777419354838, 0.2072836467741935, 0.4832767741935484]
[15.1, 1373.5, 17884.9, 4334.35]
[0.29073791774193547, 0.009618741935483871, 0.21220965, 0.48743369032258055]
[15.05, 1409.85, 17640.95, 4463.75]
[0.2887723435483871, 0.01287822258064516, 0.20624178387096775, 0.49210765]
[15.45, 1493.05, 19029.05, 4705.3]
[0.3042947193548387, 0.010782741935483868, 0.23665077419354832, 0.44827176451612916]
[14.3, 1435.6, 17333.05, 4444.85]
[0.28576208548387094, 0.011463303225806453, 0.19577946129032256, 0.5069951500000001]
repeat end
