dram
1681174524,16018471093
1681174554,16117427714
package-0
1681174524,119034097676
1681174554,119818437831
package-1
1681174524,96718445332
1681174554,97378729774
-----
dram
1681174555,16119356891
1681174585,16224793383
package-0
1681174555,119833941576
1681174585,120646942241
package-1
1681174555,97391825505
1681174585,98080944712
-----
dram
1681174586,16226705225
1681174616,16334269825
package-0
1681174586,120662333071
1681174616,121497246827
package-1
1681174586,98094158668
1681174616,98844159189
-----
dram
1681174617,16336088322
1681174647,16436484107
package-0
1681174617,121511851831
1681174647,122298501001
package-1
1681174617,98856308328
1681174647,99522076094
-----
dram
1681174648,16438396851
1681174678,16538571490
package-0
1681174648,122313915269
1681174678,123100221727
package-1
1681174648,99535042125
1681174678,100200680009
-----
repeat end
dram
1681174679,16540472194
1681174709,16661060001
package-0
1681174679,123115541940
1681174709,124029710376
package-1
1681174679,100213491438
1681174709,101066611691
-----
dram
1681174710,16663950828
1681174740,16771554795
package-0
1681174710,124049547605
1681174740,124884600155
package-1
1681174710,101083145767
1681174740,101781456907
-----
dram
1681174740,16773443167
1681174771,16883192469
package-0
1681174740,124899746356
1681174771,125751179174
package-1
1681174740,101794300257
1681174771,102520713071
-----
dram
1681174771,16885493696
1681174802,16992519981
package-0
1681174771,125769544240
1681174802,126602148187
package-1
1681174771,102540003243
1681174802,103236688655
-----
dram
1681174802,16994456288
1681174833,17101881030
package-0
1681174802,126617648880
1681174833,127449900839
package-1
1681174802,103249820701
1681174833,103951794429
-----
repeat end
dram
1681174833,17103715056
1681174864,17217544440
package-0
1681174833,127464663740
1681174864,128325380836
package-1
1681174833,103964158594
1681174864,104695227279
-----
dram
1681174864,17219488581
1681174895,17331332269
package-0
1681174864,128341170591
1681174895,129198487610
package-1
1681174864,104708328564
1681174895,105425267952
-----
dram
1681174895,17333202893
1681174926,17446905623
package-0
1681174895,129214388448
1681174926,130080028871
package-1
1681174895,105438063757
1681174926,106160436114
-----
dram
1681174926,17450019066
1681174956,17575742150
package-0
1681174926,130100896188
1681174956,131097934468
package-1
1681174926,106177794834
1681174956,107122168271
-----
dram
1681174957,17578071819
1681174987,17694815654
package-0
1681174957,131116546298
1681174987,132022913973
package-1
1681174957,107139252883
1681174987,107939439799
-----
repeat end
dram
1681174988,17697031660
1681175018,17811821517
package-0
1681174988,132041194444
1681175018,132916944643
package-1
1681174988,107957348201
1681175018,108692347845
-----
dram
1681175019,17813776490
1681175049,17932688227
package-0
1681175019,132932497216
1681175049,133823644104
package-1
1681175019,108705317599
1681175049,109463483932
-----
dram
1681175050,17935942797
1681175080,18052105140
package-0
1681175050,133845237921
1681175080,134723257829
package-1
1681175050,109481608215
1681175080,110215854016
-----
dram
1681175081,18054023485
1681175111,18171451888
package-0
1681175081,134738800758
1681175111,135634616519
package-1
1681175081,110228607096
1681175111,110995474517
-----
dram
1681175112,18173416974
1681175142,18288935554
package-0
1681175112,135650683189
1681175142,136525022504
package-1
1681175112,111008375363
1681175142,111739959001
-----
repeat end
dram
1681175143,18290808748
1681175173,18411854178
package-0
1681175143,136540003606
1681175173,137445424628
package-1
1681175143,111752298935
1681175173,112513115835
-----
dram
1681175174,18413704009
1681175204,18534172706
package-0
1681175174,137460361357
1681175204,138360380415
package-1
1681175174,112525791339
1681175204,113278956098
-----
dram
1681175205,18536202450
1681175235,18678396197
package-0
1681175205,138377359131
1681175235,139369927574
package-1
1681175205,113292524667
1681175235,114098039023
-----
dram
1681175236,18680358453
1681175266,18806038773
package-0
1681175236,139386653972
1681175266,140312454519
package-1
1681175236,114111924181
1681175266,114878917640
-----
dram
1681175267,18809903492
1681175297,18933231574
package-0
1681175267,140335715385
1681175297,141254681599
package-1
1681175267,114895309077
1681175297,115653729011
-----
repeat end
dram
1681175297,18935113199
1681175328,19100406305
package-0
1681175297,141269854046
1681175328,142367054789
package-1
1681175297,115666443150
1681175328,116517197931
-----
dram
1681175328,19102043421
1681175359,19222724695
package-0
1681175328,142380559455
1681175359,143295614424
package-1
1681175328,116528033169
1681175359,117290533963
-----
dram
1681175359,19224833050
1681175390,19374322649
package-0
1681175359,143312654053
1681175390,144351233243
package-1
1681175359,117304612236
1681175390,118158800967
-----
dram
1681175390,19377008028
1681175421,19504998159
package-0
1681175390,144371868810
1681175421,145307977986
package-1
1681175390,118176371478
1681175421,118962282552
-----
dram
1681175421,19506914989
1681175451,19631575151
package-0
1681175421,145323936380
1681175451,146246664242
package-1
1681175421,118975400744
1681175451,119741899514
-----
repeat end
dram
1681175452,19633490236
1681175482,19763699372
package-0
1681175452,146261916462
1681175482,147205827192
package-1
1681175452,119754441108
1681175482,120535226402
-----
dram
1681175483,19765397595
1681175513,19889222392
package-0
1681175483,147219536202
1681175513,148137715615
package-1
1681175483,120546683892
1681175513,121318064913
-----
dram
1681175514,19891182093
1681175544,20018052049
package-0
1681175514,148153863889
1681175544,149085154168
package-1
1681175514,121331259642
1681175544,122105196687
-----
dram
1681175545,20019946617
1681175575,20161369046
package-0
1681175545,149100784804
1681175575,150096931668
package-1
1681175545,122118064208
1681175575,122925165840
-----
dram
1681175576,20163296571
1681175606,20294612875
package-0
1681175576,150112712756
1681175606,151066717821
package-1
1681175576,122937850561
1681175606,123719504078
-----
repeat end
dram
1681175607,20296509555
1681175637,20426167508
package-0
1681175607,151082491828
1681175637,152034555004
package-1
1681175607,123732127397
1681175637,124520320082
-----
dram
1681175638,20428208451
1681175668,20551794982
package-0
1681175638,152051416838
1681175668,152978411535
package-1
1681175638,124534086831
1681175668,125307917064
-----
dram
1681175669,20553737041
1681175699,20685969219
package-0
1681175669,152994166866
1681175699,153959312100
package-1
1681175669,125320826638
1681175699,126112581814
-----
dram
1681175700,20688562125
1681175730,20819363677
package-0
1681175700,153977759929
1681175730,154934219456
package-1
1681175700,126128054064
1681175730,126921001436
-----
dram
1681175731,20823013063
1681175761,20969981543
package-0
1681175731,154957994297
1681175761,155997343199
package-1
1681175731,126939707076
1681175761,127797704392
-----
repeat end
dram
1681175761,20971950332
1681175792,21119975522
package-0
1681175761,156013148334
1681175792,157051178270
package-1
1681175761,127811076062
1681175792,128677723745
-----
dram
1681175792,21122709249
1681175823,21255501468
package-0
1681175792,157068502200
1681175823,158046537050
package-1
1681175792,128690841082
1681175823,129517228493
-----
dram
1681175823,21257413662
1681175854,21403272188
package-0
1681175823,158062538962
1681175854,159090008927
package-1
1681175823,129529984808
1681175854,130357858604
-----
dram
1681175854,21407178447
1681175885,21544279696
package-0
1681175854,159113315874
1681175885,160096052616
package-1
1681175854,130374426616
1681175885,131179296992
-----
dram
1681175885,21546237301
1681175916,21675228556
package-0
1681175885,160111949304
1681175916,161063455047
package-1
1681175885,131192679587
1681175916,131982922132
-----
repeat end
dram
1681175916,21677124165
1681175947,21812415654
package-0
1681175916,161079539234
1681175947,162058509872
package-1
1681175916,131995957865
1681175947,132802839162
-----
dram
1681175947,21814300002
1681175978,21940472340
package-0
1681175947,162074666569
1681175978,163018120575
package-1
1681175947,132816486465
1681175978,133600701926
-----
dram
1681175978,21942409656
1681176008,22072999257
package-0
1681175978,163034335926
1681176008,163995116609
package-1
1681175978,133613539906
1681176008,134407025240
-----
dram
1681176009,22074872283
1681176039,22205602980
package-0
1681176009,164010258477
1681176039,164977540913
package-1
1681176009,134419726319
1681176039,135221399437
-----
dram
1681176040,22208317429
1681176070,22341664579
package-0
1681176040,164997944913
1681176070,165976110378
package-1
1681176040,135238612223
1681176070,136044130424
-----
repeat end
dram
1681174524,12703794759
1681174554,12772880747
package-0
1681174524,119923147219
1681174554,120724081021
package-1
1681174524,108049961855
1681174554,108787558661
-----
dram
1681174555,12774237413
1681174585,12845000785
package-0
1681174555,120740133165
1681174585,121545978453
package-1
1681174555,108802616301
1681174585,109546945511
-----
dram
1681174586,12846363847
1681174616,12916911581
package-0
1681174586,121562059833
1681174616,122371920918
package-1
1681174586,109561954994
1681174616,110305100552
-----
dram
1681174617,12918215936
1681174647,12988924641
package-0
1681174617,122387215618
1681174647,123191908199
package-1
1681174617,110319305777
1681174647,111061040329
-----
dram
1681174648,12990294374
1681174678,13060752435
package-0
1681174648,123208372146
1681174678,124012754120
package-1
1681174648,111075931098
1681174678,111812609877
-----
repeat end
dram
1681174679,13062111809
1681174709,13138227871
package-0
1681174679,124028737844
1681174709,124866264936
package-1
1681174679,111827353735
1681174709,112587948163
-----
dram
1681174710,13140671648
1681174740,13215929854
package-0
1681174710,124886797781
1681174740,125727065100
package-1
1681174710,112606584346
1681174740,113364580940
-----
dram
1681174741,13217242502
1681174771,13292133462
package-0
1681174741,125743154720
1681174771,126569515092
package-1
1681174741,113379243683
1681174771,114139354286
-----
dram
1681174772,13293463201
1681174802,13368035064
package-0
1681174772,126585195228
1681174802,127411093992
package-1
1681174772,114154076478
1681174802,114912370069
-----
dram
1681174803,13369388441
1681174833,13444705368
package-0
1681174803,127427777726
1681174833,128254401282
package-1
1681174803,114927375707
1681174833,115686824385
-----
repeat end
dram
1681174833,13446060979
1681174864,13523929641
package-0
1681174833,128270414058
1681174864,129111180216
package-1
1681174833,115701634711
1681174864,116468867366
-----
dram
1681174864,13525298333
1681174895,13603809303
package-0
1681174864,129127782835
1681174895,129974810574
package-1
1681174864,116483682635
1681174895,117254067504
-----
dram
1681174895,13605129770
1681174926,13684301670
package-0
1681174895,129990525927
1681174926,130833987207
package-1
1681174895,117268603905
1681174926,118041877133
-----
dram
1681174926,13685626971
1681174957,13765110074
package-0
1681174926,130849651413
1681174957,131695056963
package-1
1681174926,118056489461
1681174957,118829560175
-----
dram
1681174957,13766392688
1681174988,13845036340
package-0
1681174957,131710231119
1681174988,132550254115
package-1
1681174957,118843811298
1681174988,119616742303
-----
repeat end
dram
1681174988,13846397306
1681175019,13927323275
package-0
1681174988,132566362228
1681175019,133415805610
package-1
1681174988,119631746720
1681175019,120410336707
-----
dram
1681175019,13928661749
1681175049,14011336034
package-0
1681175019,133431777615
1681175049,134291036707
package-1
1681175019,120425375120
1681175049,121209411260
-----
dram
1681175050,14013609981
1681175080,14095090697
package-0
1681175050,134311160679
1681175080,135165277938
package-1
1681175050,121227720051
1681175080,122005401410
-----
dram
1681175081,14096421919
1681175111,14177346144
package-0
1681175081,135180990849
1681175111,136035822279
package-1
1681175081,122019552497
1681175111,122793468790
-----
dram
1681175112,14178714453
1681175142,14260086142
package-0
1681175112,136052510469
1681175142,136902891226
package-1
1681175112,122808528199
1681175142,123585921351
-----
repeat end
dram
1681175143,14261418971
1681175173,14345797476
package-0
1681175143,136918590405
1681175173,137782485288
package-1
1681175143,123600696520
1681175173,124389617718
-----
dram
1681175174,14347122823
1681175204,14433046843
package-0
1681175174,137798124347
1681175204,138668387927
package-1
1681175174,124403952765
1681175204,125198057971
-----
dram
1681175205,14434380758
1681175235,14519430245
package-0
1681175205,138684626167
1681175235,139551178819
package-1
1681175205,125212685497
1681175235,126002813235
-----
dram
1681175236,14520788946
1681175266,14605000774
package-0
1681175236,139567372870
1681175266,140430210444
package-1
1681175236,126017900659
1681175266,126806082541
-----
dram
1681175267,14606368777
1681175297,14691271553
package-0
1681175267,140446390883
1681175297,141312157771
package-1
1681175267,126821330060
1681175297,127611831577
-----
repeat end
dram
1681175298,14692615183
1681175328,14780610609
package-0
1681175298,141327910782
1681175328,142204839384
package-1
1681175298,127626572933
1681175328,128431636485
-----
dram
1681175329,14781769890
1681175359,14869215036
package-0
1681175329,142219216057
1681175359,143094766977
package-1
1681175329,128444273903
1681175359,129239200579
-----
dram
1681175359,14871084940
1681175390,14958469467
package-0
1681175359,143112478357
1681175390,143990560704
package-1
1681175359,129255675086
1681175390,130055970217
-----
dram
1681175390,14960014370
1681175421,15045206208
package-0
1681175390,144007099480
1681175421,144883708198
package-1
1681175390,130071107202
1681175421,130866885683
-----
dram
1681175421,15046550236
1681175452,15132528418
package-0
1681175421,144899709378
1681175452,145772465139
package-1
1681175421,130881563929
1681175452,131680153010
-----
repeat end
dram
1681175452,15133882269
1681175483,15220326198
package-0
1681175452,145788101146
1681175483,146667738238
package-1
1681175452,131694825213
1681175483,132500442780
-----
dram
1681175483,15221513371
1681175513,15305459254
package-0
1681175483,146682433818
1681175513,147564944681
package-1
1681175483,132513366209
1681175513,133322442995
-----
dram
1681175514,15306825697
1681175544,15390639403
package-0
1681175514,147581146544
1681175544,148464575313
package-1
1681175514,133337520227
1681175544,134143033057
-----
dram
1681175545,15391974343
1681175575,15475583916
package-0
1681175545,148480134782
1681175575,149362043352
package-1
1681175545,134157697876
1681175575,134963569165
-----
dram
1681175576,15476944377
1681175606,15559841919
package-0
1681175576,149377991981
1681175606,150258592265
package-1
1681175576,134978662815
1681175606,135783731494
-----
repeat end
dram
1681175607,15561171260
1681175637,15647025802
package-0
1681175607,150274158815
1681175637,151167867953
package-1
1681175607,135798368846
1681175637,136613896788
-----
dram
1681175638,15648391572
1681175668,15734258324
package-0
1681175638,151184155509
1681175668,152070713908
package-1
1681175638,136629057943
1681175668,137436580351
-----
dram
1681175669,15735628347
1681175699,15822130814
package-0
1681175669,152086919433
1681175699,152970416439
package-1
1681175669,137451436270
1681175699,138260865289
-----
dram
1681175700,15824381994
1681175730,15910183920
package-0
1681175700,152990057929
1681175730,153873834414
package-1
1681175700,138279137337
1681175730,139098671921
-----
dram
1681175731,15911557983
1681175761,15997288671
package-0
1681175731,153890041770
1681175761,154771566430
package-1
1681175731,139113802009
1681175761,139924400215
-----
repeat end
dram
1681175762,15998676565
1681175792,16085387724
package-0
1681175762,154787886212
1681175792,155673793307
package-1
1681175762,139939774931
1681175792,140755383561
-----
dram
1681175793,16086749898
1681175823,16174272753
package-0
1681175793,155689634392
1681175823,156580299898
package-1
1681175793,140770357278
1681175823,141591455945
-----
dram
1681175824,16175673437
1681175854,16263528164
package-0
1681175824,156597384998
1681175854,157485697177
package-1
1681175824,141606792698
1681175854,142424676590
-----
dram
1681175855,16264934218
1681175885,16351543724
package-0
1681175855,157502309256
1681175885,158384382437
package-1
1681175855,142439862647
1681175885,143253213104
-----
dram
1681175886,16352953833
1681175916,16439459161
package-0
1681175886,158400851450
1681175916,159284392035
package-1
1681175886,143268659354
1681175916,144082720258
-----
repeat end
dram
1681175916,16440795172
1681175947,16528737063
package-0
1681175916,159300268093
1681175947,160194340633
package-1
1681175916,144097319647
1681175947,144919887060
-----
dram
1681175947,16530087747
1681175978,16616308939
package-0
1681175947,160210072527
1681175978,161101060663
package-1
1681175947,144934529723
1681175978,145754166358
-----
dram
1681175978,16617686673
1681176009,16704045305
package-0
1681175978,161117336623
1681176009,162006153561
package-1
1681175978,145769148497
1681176009,146588618750
-----
dram
1681176009,16705370070
1681176040,16792576322
package-0
1681176009,162021636065
1681176040,162919399941
package-1
1681176009,146603074035
1681176040,147431913772
-----
dram
1681176040,16794315075
1681176071,16880428647
package-0
1681176040,162938092948
1681176071,163826522253
package-1
1681176040,147448922395
1681176071,148268988228
-----
repeat end
