[0.5, 5243.8]
[0.0193604339888576, 0.9806395660111423]
[0.75, 4852.3]
[0.019761090322580648, 0.9802389096774193]
[0.35, 4981.45]
[0.021073048387096772, 0.9789269516129032]
[0.65, 4954.5]
[0.0005998345120939108, 0.9994001654879062]
[0.6, 5009.8]
[0.00028693626428806794, 0.999713063735712]
repeat end
[1.55, 9158.7]
[0.03161454193548387, 0.968385458064516]
[1.25, 8728.45]
[0.030656804838709674, 0.9693431951612904]
[1.55, 8766.45]
[0.031496719354838706, 0.9685032806451612]
[1.25, 8847.65]
[0.004228374526336909, 0.9957716254736632]
[1.3, 8767.25]
[0.0036317963399342067, 0.9963682036600657]
repeat end
[2.95, 12563.9]
[0.04035234677419354, 0.9596476532258066]
[2.95, 12167.05]
[0.040356535483870956, 0.959643464516129]
[2.55, 12383.8]
[0.04110076290322582, 0.9588992370967742]
[2.8, 12173.3]
[0.008546098654005723, 0.9914539013459942]
[2.5, 12425.4]
[0.010291928337091999, 0.9897080716629079]
repeat end
[4.5, 15830.1]
[0.0480388629032258, 0.9519611370967741]
[4.35, 15725.05]
[0.04708215806451613, 0.9529178419354839]
[4.55, 15649.35]
[0.04617292419354839, 0.9538270758064517]
[4.2, 15721.6]
[0.01606274550747434, 0.9839372544925254]
[4.45, 15750.9]
[0.01608370203900413, 0.9839162979609959]
repeat end
[6.1, 19453.6]
[0.05517391935483871, 0.9448260806451613]
[5.95, 19288.9]
[0.05594296774193549, 0.9440570322580646]
[5.85, 19082.9]
[0.05632958548387097, 0.943670414516129]
[5.85, 19189.65]
[0.025633684999999982, 0.9743663150000001]
[6.2, 19183.5]
[0.026477013333333337, 0.9735229866666668]
repeat end
[8.15, 22273.25]
[0.06400732741935486, 0.9359926725806453]
[7.3, 22399.2]
[0.06164264354838711, 0.938357356451613]
[8.25, 22265.15]
[0.06493729838709678, 0.9350627016129032]
[7.6, 22303.55]
[0.03342845333333333, 0.9665715466666664]
[7.9, 22215.65]
[0.0658665741935484, 0.9341334258064518]
repeat end
[8.4, 23064.65]
[0.06625337741935484, 0.9337466225806452]
[7.9, 23619.55]
[0.06850706129032258, 0.9314929387096775]
[8.55, 23702.5]
[0.03260642833333333, 0.9673935716666667]
[8.2, 23283.55]
[0.036565596666666665, 0.9634344033333336]
[8.2, 24040.2]
[0.06777228709677421, 0.9322277129032258]
repeat end
[8.35, 23460.3]
[0.06566078225806452, 0.9343392177419354]
[9.05, 23402.65]
[0.0662015370967742, 0.933798462903226]
[8.15, 23288.35]
[0.03729896833333332, 0.9627010316666669]
[9.7, 23260.4]
[0.03591961, 0.9640803899999998]
[7.9, 23342.25]
[0.03446228333333333, 0.965537716666667]
repeat end
[8.45, 23387.9]
[0.06649800161290323, 0.9335019983870969]
[8.8, 23643.05]
[0.0677361370967742, 0.9322638629032258]
[7.45, 23720.5]
[0.0655170129032258, 0.9344829870967744]
[8.6, 24253.5]
[0.037203203333333344, 0.9627967966666666]
[7.6, 23571.55]
[0.03381590833333334, 0.9661840916666667]
repeat end
[7.55, 23507.5]
[0.06749547741935485, 0.9325045225806452]
[8.55, 23363.9]
[0.06781501612903224, 0.9321849838709678]
[7.55, 23265.3]
[0.06436821612903228, 0.9356317838709678]
[8.7, 24263.4]
[0.04004710166666668, 0.9599528983333332]
[8.95, 23478.4]
[0.03752048666666667, 0.9624795133333335]
repeat end
[160.65, 35229.85]
[0.11175956290322579, 0.8882404370967742]
[170.8, 34878.45]
[0.11714199354838706, 0.8828580064516128]
[168.65, 35203.25]
[0.08877414193548386, 0.9112258580645161]
[163.75, 34835.7]
[0.06427069166666668, 0.9357293083333336]
[172.7, 35782.0]
[0.06005434666666667, 0.9399456533333334]
repeat end
[339.9, 68294.6]
[0.1680498370967742, 0.8319501629032258]
[341.2, 64983.85]
[0.15657366451612906, 0.8434263354838709]
[355.55, 65725.25]
[0.1593475241935484, 0.8406524758064517]
[348.5, 68229.55]
[0.16780307258064514, 0.8321969274193547]
[328.9, 67519.45]
[0.13447830500000002, 0.865521695]
repeat end
[503.55, 93147.8]
[0.205043535, 0.7949564650000001]
[534.45, 94814.75]
[0.2289861741935484, 0.7710138258064516]
[520.95, 94299.95]
[0.23394129354838705, 0.766058706451613]
[512.35, 92337.8]
[0.2398405661290322, 0.7601594338709677]
[514.4, 92080.0]
[0.22650656833333332, 0.7734934316666666]
repeat end
[703.5, 117748.9]
[0.3094640483870968, 0.6905359516129032]
[694.65, 121527.85]
[0.30314278548387097, 0.696857214516129]
[696.85, 120195.8]
[0.29133302096774194, 0.7086669790322581]
[695.5, 119034.95]
[0.2903381693548387, 0.7096618306451614]
[697.4, 117700.85]
[0.27567025500000003, 0.724329745]
repeat end
[879.7, 142268.55]
[0.3551234338709678, 0.6448765661290323]
[894.25, 143314.55]
[0.36104954516129045, 0.6389504548387097]
[894.65, 139159.25]
[0.3938408403225807, 0.6061591596774193]
[903.2, 142922.05]
[0.35011824500000005, 0.6498817550000001]
[876.65, 142981.15]
[0.3291841666666667, 0.6708158333333334]
repeat end
[1085.8, 164703.55]
[0.40444086451612904, 0.595559135483871]
[1073.65, 164521.0]
[0.40439633064516123, 0.5956036693548388]
[1054.65, 158202.45]
[0.42999931451612905, 0.570000685483871]
[1041.35, 154641.8]
[0.4327634533333334, 0.5672365466666667]
[1075.65, 152533.05]
[0.4381821366666666, 0.5618178633333333]
repeat end
[1116.4, 157988.6]
[0.47213492580645167, 0.5278650741935484]
[1144.7, 159009.75]
[0.48549317580645157, 0.5145068241935483]
[1124.65, 160951.95]
[0.47727536129032255, 0.5227246387096774]
[1136.9, 162072.85]
[0.44609082000000005, 0.55390918]
[1162.8, 164235.45]
[0.46492101833333344, 0.5350789816666668]
repeat end
[1119.5, 158743.6]
[0.47310135806451614, 0.5268986419354839]
[1159.45, 166469.6]
[0.4456970838709677, 0.5543029161290323]
[1169.45, 167098.45]
[0.4438354258064517, 0.5561645741935484]
[1164.05, 168003.75]
[0.4268995733333334, 0.5731004266666667]
[1124.85, 157741.55]
[0.4581459466666667, 0.5418540533333334]
repeat end
[1147.95, 168312.0]
[0.4383008548387097, 0.5616991451612904]
[1180.75, 173136.7]
[0.4253764177419355, 0.5746235822580645]
[1166.4, 171083.75]
[0.4278395112903225, 0.5721604887096773]
[1197.8, 169303.5]
[0.4658428564516129, 0.5341571435483872]
[1159.1, 165410.7]
[0.435264805, 0.5647351949999998]
repeat end
[1145.0, 171088.25]
[0.40655758999999997, 0.59344241]
[1107.8, 166544.5]
[0.43358274516129025, 0.5664172548387097]
[1139.3, 171107.75]
[0.4232114774193548, 0.5767885225806452]
[1216.4, 172180.95]
[0.4477847903225807, 0.5522152096774194]
[1139.55, 158601.25]
[0.4673825466666667, 0.5326174533333333]
repeat end
[0.05, 2295.5]
[0.002132534968164862, 0.997867465031835]
[0.1, 2195.5]
[0.02124862580645163, 0.9787513741935484]
[0.05, 2275.4]
[0.025278004838709678, 0.9747219951612902]
[0.0, 2261.05]
[0.027517530645161287, 0.9724824693548391]
[0.15, 2135.75]
[0.004332206457161892, 0.9956677935428381]
repeat end
[0.1, 3719.25]
[0.012605399900065473, 0.9873946000999345]
[0.05, 3709.1]
[0.038550182258064516, 0.9614498177419355]
[0.2, 3752.9]
[0.03333933225806451, 0.9666606677419356]
[0.1, 3402.5]
[0.028311851612903234, 0.9716881483870965]
[0.0, 3684.45]
[0.010245149999999998, 0.9897548500000001]
repeat end
[0.15, 4914.0]
[0.013199711573189337, 0.9868002884268104]
[0.3, 5082.85]
[0.03322527258064516, 0.966774727419355]
[0.1, 5226.2]
[0.04479444677419355, 0.9552055532258065]
[0.1, 5169.95]
[0.0328304010277279, 0.9671695989722722]
[0.25, 5105.95]
[0.01613867022466083, 0.9838613297753392]
repeat end
[0.2, 6647.2]
[0.020292609129574323, 0.9797073908704258]
[0.35, 6023.75]
[0.04282175645161289, 0.957178243548387]
[0.3, 6401.1]
[0.04115032258064515, 0.9588496774193548]
[0.2, 6108.9]
[0.04584756451612902, 0.9541524354838711]
[0.05, 6181.3]
[0.01973442833333333, 0.9802655716666665]
repeat end
[0.2, 7890.9]
[0.02902277499999999, 0.9709772249999998]
[0.3, 7299.85]
[0.0536328193548387, 0.9463671806451611]
[0.25, 7627.7]
[0.05494907419354837, 0.9450509258064514]
[0.35, 7708.5]
[0.054802109677419365, 0.9451978903225806]
[0.25, 8058.5]
[0.025161701388152567, 0.9748382986118476]
repeat end
[0.25, 8854.65]
[0.038891678333333346, 0.9611083216666664]
[0.35, 9021.2]
[0.05331226612903226, 0.9466877338709679]
[0.35, 9052.7]
[0.058694217741935485, 0.9413057822580647]
[0.4, 9171.9]
[0.055995490322580645, 0.9440045096774193]
[0.2, 8861.85]
[0.03462889500000001, 0.965371105]
repeat end
[0.3, 9317.35]
[0.024631590000000002, 0.97536841]
[0.15, 9077.25]
[0.06415728387096775, 0.9358427161290322]
[0.1, 9015.75]
[0.056880743548387104, 0.9431192564516129]
[0.6, 9201.1]
[0.05917253064516128, 0.9408274693548387]
[0.25, 9260.6]
[0.03597904666666666, 0.9640209533333334]
repeat end
[0.3, 8852.9]
[0.02930776826481905, 0.9706922317351807]
[0.25, 9117.05]
[0.05984463387096772, 0.9401553661290325]
[0.3, 9025.75]
[0.054497432258064506, 0.9455025677419355]
[0.4, 9007.3]
[0.05987412741935484, 0.9401258725806454]
[0.25, 9444.45]
[0.03492442500000001, 0.965075575]
repeat end
[0.4, 9223.45]
[0.034642752993730166, 0.9653572470062699]
[0.1, 9219.05]
[0.06928828064516131, 0.9307117193548388]
[0.15, 9199.4]
[0.06497696935483872, 0.9350230306451615]
[0.2, 9187.95]
[0.0691060193548387, 0.9308939806451614]
[0.3, 9118.1]
[0.0345564374025274, 0.9654435625974725]
repeat end
[0.1, 9148.65]
[0.025121518333333332, 0.9748784816666667]
[0.1, 9035.1]
[0.061840549999999994, 0.9381594499999999]
[0.1, 9582.45]
[0.05574735806451614, 0.944252641935484]
[0.2, 9663.75]
[0.06148487580645161, 0.9385151241935483]
[0.5, 9354.6]
[0.05898647096774194, 0.9410135290322581]
repeat end
[10.75, 11920.05]
[0.05791361833333335, 0.9420863816666667]
[8.9, 11827.15]
[0.06371073999999999, 0.93628926]
[9.8, 11991.1]
[0.08270415322580649, 0.9172958467741935]
[8.9, 11938.7]
[0.08947498064516124, 0.9105250193548386]
[9.75, 12020.55]
[0.09268343709677421, 0.9073165629032257]
repeat end
[20.15, 23542.45]
[0.138062605, 0.861937395]
[19.5, 22847.95]
[0.13490574833333333, 0.8650942516666668]
[17.65, 22641.15]
[0.1625868629032258, 0.8374131370967742]
[18.95, 23601.25]
[0.16550960322580646, 0.8344903967741935]
[21.35, 23566.75]
[0.16728759516129035, 0.8327124048387097]
repeat end
[30.45, 33850.85]
[0.21918274333333337, 0.7808172566666667]
[28.6, 34010.65]
[0.21729440833333333, 0.7827055916666666]
[27.95, 33536.7]
[0.24438641774193542, 0.7556135822580644]
[28.35, 33386.3]
[0.23472063064516124, 0.7652793693548386]
[28.9, 33980.6]
[0.24376448870967743, 0.7562355112903225]
repeat end
[39.0, 43966.4]
[0.29201435833333333, 0.7079856416666666]
[38.05, 44406.9]
[0.2910469816666667, 0.7089530183333335]
[37.5, 44057.5]
[0.31482928064516125, 0.6851707193548386]
[39.55, 43689.55]
[0.3085406467741935, 0.6914593532258065]
[38.35, 43788.7]
[0.310382970967742, 0.6896170290322581]
repeat end
[46.65, 53649.1]
[0.36515320500000004, 0.634846795]
[48.1, 53888.65]
[0.36896439666666664, 0.6310356033333333]
[49.7, 54447.95]
[0.3790534338709678, 0.6209465661290322]
[48.0, 54207.2]
[0.39010306774193537, 0.6098969322580645]
[49.5, 54102.8]
[0.3814245193548388, 0.6185754806451612]
repeat end
[56.85, 62976.8]
[0.42923221000000006, 0.57076779]
[54.55, 63384.85]
[0.44197087999999995, 0.55802912]
[55.8, 63065.4]
[0.45119311290322595, 0.548806887096774]
[56.2, 63364.5]
[0.4566156967741935, 0.5433843032258066]
[56.3, 62732.6]
[0.45165093548387086, 0.5483490645161291]
repeat end
[62.0, 65263.05]
[0.4570461566666667, 0.5429538433333334]
[62.3, 67149.6]
[0.48482485967741934, 0.5151751403225806]
[60.65, 67297.45]
[0.48414005000000004, 0.51585995]
[59.55, 66245.65]
[0.47545256129032254, 0.5245474387096775]
[63.4, 68724.75]
[0.47519657666666665, 0.5248034233333334]
repeat end
[60.7, 66296.15]
[0.4585160000000001, 0.5414840000000001]
[61.1, 66887.35]
[0.4764495903225807, 0.5235504096774194]
[61.55, 66163.95]
[0.4751132677419355, 0.5248867322580646]
[60.4, 67288.3]
[0.4820250822580645, 0.5179749177419355]
[59.75, 66139.4]
[0.4791290177419354, 0.5208709822580645]
repeat end
[59.1, 66381.4]
[0.4625578233333334, 0.5374421766666668]
[62.5, 67205.3]
[0.46582134166666667, 0.5341786583333332]
[60.5, 66632.8]
[0.4737947129032258, 0.5262052870967742]
[61.0, 68238.05]
[0.4948637306451612, 0.5051362693548388]
[59.1, 66855.0]
[0.47428345483870976, 0.5257165451612902]
repeat end
[61.5, 67016.1]
[0.4621106900000001, 0.5378893100000001]
[59.9, 65927.1]
[0.4562467383333333, 0.5437532616666667]
[57.55, 66608.1]
[0.47919646451612896, 0.520803535483871]
[62.85, 67891.85]
[0.49524618387096775, 0.5047538161290323]
[64.05, 67037.7]
[0.48245554999999996, 0.51754445]
repeat end
