dram
1683473444,4887865525
1683473475,4975879265
package-0
1683473444,45484158645
1683473475,46389177691
package-1
1683473444,32899215033
1683473475,33538122699
-----
dram
1683473476,4979298876
1683473507,5067008314
package-0
1683473476,46424793627
1683473507,47325312013
package-1
1683473476,33563196731
1683473507,34201448088
-----
dram
1683473508,5070452175
1683473539,5158647557
package-0
1683473508,47360526095
1683473539,48263308696
package-1
1683473508,34226363796
1683473539,34865109536
-----
dram
1683473540,5162048410
1683473570,5250017076
package-0
1683473540,48298333692
1683473570,49209291687
package-1
1683473540,34889902686
1683473570,35527693838
-----
dram
1683473572,5253476850
1683473602,5341663663
package-0
1683473572,49245073456
1683473602,50155437153
package-1
1683473572,35552519886
1683473602,36189710698
-----
repeat end
dram
1683473603,5345102965
1683473634,5434189128
package-0
1683473603,50190960378
1683473634,51104294282
package-1
1683473603,36214619631
1683473634,36856186836
-----
dram
1683473635,5437617597
1683473666,5526564132
package-0
1683473635,51139257327
1683473666,52050188589
package-1
1683473635,36880950506
1683473666,37521579786
-----
dram
1683473667,5529977761
1683473698,5619464569
package-0
1683473667,52085203087
1683473698,52994553237
package-1
1683473667,37546356639
1683473698,38186909626
-----
dram
1683473699,5622834150
1683473729,5711904997
package-0
1683473699,53029104296
1683473729,53938898903
package-1
1683473699,38211342242
1683473729,38853532492
-----
dram
1683473731,5715277775
1683473761,5803969059
package-0
1683473731,53973669016
1683473761,54879422435
package-1
1683473731,38878084675
1683473761,39519915064
-----
repeat end
dram
1683473762,5807382474
1683473793,5896840411
package-0
1683473762,54914484418
1683473793,55830915727
package-1
1683473762,39544616905
1683473793,40189958026
-----
dram
1683473794,5900257085
1683473825,5989854482
package-0
1683473794,55866126757
1683473825,56781263453
package-1
1683473794,40214657792
1683473825,40858442155
-----
dram
1683473826,5993248572
1683473857,6082404136
package-0
1683473826,56816038144
1683473857,57735405907
package-1
1683473826,40883002455
1683473857,41526621108
-----
dram
1683473858,6085793881
1683473888,6175285693
package-0
1683473858,57770468012
1683473888,58694518503
package-1
1683473858,41551102186
1683473888,42194586683
-----
dram
1683473890,6178765693
1683473920,6267311062
package-0
1683473890,58731074440
1683473920,59644094625
package-1
1683473890,42219753245
1683473920,42868193601
-----
repeat end
dram
1683473921,6270651342
1683473952,6360854864
package-0
1683473921,59679755178
1683473952,60606809079
package-1
1683473921,42892591366
1683473952,43539785998
-----
dram
1683473953,6364297043
1683473984,6454284436
package-0
1683473953,60642713772
1683473984,61567690713
package-1
1683473953,43564840072
1683473984,44213599093
-----
dram
1683473985,6457648111
1683474016,6547082792
package-0
1683473985,61602705822
1683474016,62530203081
package-1
1683473985,44237929597
1683474016,44886930926
-----
dram
1683474017,6550474465
1683474047,6640372155
package-0
1683474017,62565881273
1683474047,63501754915
package-1
1683474017,44911493119
1683474047,45559994877
-----
dram
1683474049,6643802859
1683474079,6733167543
package-0
1683474049,63538332824
1683474079,64470898003
package-1
1683474049,45584957704
1683474079,46234104052
-----
repeat end
dram
1683474080,6736464509
1683474111,6826304701
package-0
1683474080,64505694789
1683474111,65442215646
package-1
1683474080,46258061876
1683474111,46912272970
-----
dram
1683474112,6829702479
1683474143,6919847004
package-0
1683474112,65478587135
1683474143,66417741774
package-1
1683474112,46937016681
1683474143,47589646663
-----
dram
1683474144,6923219354
1683474175,7013555067
package-0
1683474144,66453720625
1683474175,67393198505
package-1
1683474144,47614372918
1683474175,48266027805
-----
dram
1683474176,7016963800
1683474206,7108122225
package-0
1683474176,67429385913
1683474206,68371328814
package-1
1683474176,48290585482
1683474206,48941455214
-----
dram
1683474208,7111522451
1683474238,7202063705
package-0
1683474208,68407911484
1683474238,69348191486
package-1
1683474208,48966274487
1683474238,49618551442
-----
repeat end
dram
1683474239,7205478818
1683474270,7296994131
package-0
1683474239,69384135730
1683474270,70325185567
package-1
1683474239,49643362597
1683474270,50297204551
-----
dram
1683474271,7300404378
1683474302,7389598100
package-0
1683474271,70361839831
1683474302,71303207050
package-1
1683474271,50322038899
1683474302,50983179907
-----
dram
1683474303,7393021781
1683474334,7484014155
package-0
1683474303,71340075486
1683474334,72281183184
package-1
1683474303,51008112827
1683474334,51663470524
-----
dram
1683474335,7487371694
1683474365,7578764684
package-0
1683474335,72317220323
1683474365,73260215041
package-1
1683474335,51688114687
1683474365,52341390175
-----
dram
1683474366,7582056907
1683474397,7672961352
package-0
1683474366,73295150986
1683474397,74237646560
package-1
1683474366,52365182534
1683474397,53017889603
-----
repeat end
dram
1683474398,7676365908
1683474429,7768206820
package-0
1683474398,74274382794
1683474429,75219439945
package-1
1683474398,53042752393
1683474429,53696923631
-----
dram
1683474430,7771433223
1683474461,7862127768
package-0
1683474430,75253873023
1683474461,76196726810
package-1
1683474430,53720523546
1683474461,54377167434
-----
dram
1683474462,7865486837
1683474492,7955480748
package-0
1683474462,76232764865
1683474492,77173727605
package-1
1683474462,54401638685
1683474492,55061153842
-----
dram
1683474494,7958887951
1683474524,8050031887
package-0
1683474494,77210275546
1683474524,78152450747
package-1
1683474494,55086082245
1683474524,55741553895
-----
dram
1683474525,8053502508
1683474556,8142679339
package-0
1683474525,78189563322
1683474556,79128939336
package-1
1683474525,55766717527
1683474556,56429172679
-----
repeat end
dram
1683474557,8146085195
1683474588,8237195731
package-0
1683474557,79165510897
1683474588,80108700560
package-1
1683474557,56453947396
1683474588,57108101422
-----
dram
1683474589,8240606514
1683474620,8330909471
package-0
1683474589,80144955839
1683474620,81089674673
package-1
1683474589,57132776896
1683474620,57787626843
-----
dram
1683474621,8334389685
1683474651,8426187513
package-0
1683474621,81126852312
1683474651,82072069497
package-1
1683474621,57812833260
1683474651,58465992843
-----
dram
1683474653,8429633164
1683474683,8520592552
package-0
1683474653,82108782110
1683474683,83052228730
package-1
1683474653,58491138592
1683474683,59144023639
-----
dram
1683474685,8524032726
1683474715,8615351128
package-0
1683474685,83088795043
1683474715,84033315452
package-1
1683474685,59168973527
1683474715,59822786916
-----
repeat end
dram
1683474716,8618795602
1683474747,8710914607
package-0
1683474716,84070129567
1683474747,85013715286
package-1
1683474716,59847825671
1683474747,60501639243
-----
dram
1683474748,8714281326
1683474779,8804979802
package-0
1683474748,85049647872
1683474779,85991125931
package-1
1683474748,60526066915
1683474779,61184168441
-----
dram
1683474780,8808423557
1683474811,8899103475
package-0
1683474780,86028174542
1683474811,86971070993
package-1
1683474780,61209225994
1683474811,61867612492
-----
dram
1683474812,8902522994
1683474842,8994183137
package-0
1683474812,87007784400
1683474842,87953121458
package-1
1683474812,61892415956
1683474842,62547835360
-----
dram
1683474844,8997594593
1683474874,9087357383
package-0
1683474844,87989740138
1683474874,88931698298
package-1
1683474844,62572611053
1683474874,63231865774
-----
repeat end
dram
1683474875,9090752697
1683474906,9181115507
package-0
1683474875,88968470177
1683474906,89911427418
package-1
1683474875,63256762561
1683474906,63911851827
-----
dram
1683474907,9184506676
1683474938,9275136746
package-0
1683474907,89947813067
1683474938,90889376941
package-1
1683474907,63936609515
1683474938,64591027212
-----
dram
1683474939,9278539787
1683474970,9368364863
package-0
1683474939,90925253741
1683474970,91863661434
package-1
1683474939,64615844348
1683474970,65272157792
-----
dram
1683474971,9371761861
1683475001,9461755620
package-0
1683474971,91899367581
1683475001,92833554642
package-1
1683474971,65297022292
1683475001,65953626629
-----
dram
1683475003,9465110787
1683475033,9554859134
package-0
1683475003,92869276047
1683475033,93809645344
package-1
1683475003,65977996195
1683475033,66635098639
-----
repeat end
dram
1683473444,5209387375
1683473475,5313392797
package-0
1683473444,39739030958
1683473475,40583017078
package-1
1683473444,38833738964
1683473475,39692687998
-----
dram
1683473476,5316918361
1683473507,5437095730
package-0
1683473476,40612490636
1683473507,41483849001
package-1
1683473476,39721576718
1683473507,40608990401
-----
dram
1683473508,5440537189
1683473539,5539058586
package-0
1683473508,41513876268
1683473539,42295849608
package-1
1683473508,40637735017
1683473539,41400738130
-----
dram
1683473540,5542490575
1683473570,5644466973
package-0
1683473540,42324918381
1683473570,43127301275
package-1
1683473540,41429361714
1683473570,42231004315
-----
dram
1683473572,5648086692
1683473602,5748561578
package-0
1683473572,43156927054
1683473602,43938871586
package-1
1683473572,42259922698
1683473602,43022775725
-----
repeat end
dram
1683473603,5752005838
1683473634,5864581570
package-0
1683473603,43968291066
1683473634,44800193111
package-1
1683473603,43051757890
1683473634,43871161310
-----
dram
1683473635,5868033831
1683473666,5978259132
package-0
1683473635,44829279462
1683473666,45645501128
package-1
1683473635,43899856671
1683473666,44693498194
-----
dram
1683473667,5982611538
1683473698,6093069628
package-0
1683473667,45678721135
1683473698,46503729582
package-1
1683473667,44728620540
1683473698,45537968261
-----
dram
1683473699,6096431344
1683473730,6208431705
package-0
1683473699,46532464006
1683473730,47374361204
package-1
1683473699,45566207935
1683473730,46403707561
-----
dram
1683473731,6211862194
1683473761,6322861154
package-0
1683473731,47403679000
1683473761,48221769862
package-1
1683473731,46433462184
1683473761,47227839667
-----
repeat end
dram
1683473763,6326426207
1683473793,6450136056
package-0
1683473763,48251109264
1683473793,49127088284
package-1
1683473763,47256648248
1683473793,48121299843
-----
dram
1683473794,6453540275
1683473825,6577284900
package-0
1683473794,49156657666
1683473825,50015837291
package-1
1683473794,48149976955
1683473825,48987789630
-----
dram
1683473826,6580696326
1683473857,6704029718
package-0
1683473826,50044924008
1683473857,50922993904
package-1
1683473826,49016339178
1683473857,49888674774
-----
dram
1683473858,6707416357
1683473889,6833269277
package-0
1683473858,50951938471
1683473889,51862886578
package-1
1683473858,49917146808
1683473889,50838954995
-----
dram
1683473890,6836680840
1683473920,6967722861
package-0
1683473890,51892711636
1683473920,52773066560
package-1
1683473890,50867962917
1683473920,51753672136
-----
repeat end
dram
1683473921,6971623780
1683473952,7111700666
package-0
1683473921,52801975666
1683473952,53709054460
package-1
1683473921,51784439086
1683473952,52705813437
-----
dram
1683473953,7116265788
1683473984,7260260346
package-0
1683473953,53746010114
1683473984,54709101460
package-1
1683473953,52747195960
1683473984,53712442940
-----
dram
1683473985,7263618558
1683474016,7397443603
package-0
1683473985,54737865913
1683474016,55627242847
package-1
1683473985,53740747433
1683474016,54601678212
-----
dram
1683474017,7401066812
1683474048,7535592261
package-0
1683474017,55657491488
1683474048,56563564974
package-1
1683474017,54630782447
1683474048,55522840405
-----
dram
1683474049,7539177739
1683474079,7674450777
package-0
1683474049,56595466016
1683474079,57532055781
package-1
1683474049,55555219533
1683474079,56494804957
-----
repeat end
dram
1683474080,7677748248
1683474111,7832146851
package-0
1683474080,57560393660
1683474111,58539482951
package-1
1683474080,56522571244
1683474111,57455329781
-----
dram
1683474112,7839221893
1683474143,7995868250
package-0
1683474112,58581365534
1683474143,59565218667
package-1
1683474112,57490566874
1683474143,58431645092
-----
dram
1683474144,7999803318
1683474175,8153751184
package-0
1683474144,59594749719
1683474175,60554566354
package-1
1683474144,58462848198
1683474175,59410674080
-----
dram
1683474176,8157949014
1683474206,8308387274
package-0
1683474176,60584849846
1683474206,61582125369
package-1
1683474176,59442425341
1683474206,60475340055
-----
dram
1683474208,8312650359
1683474238,8456642928
package-0
1683474208,61617873446
1683474238,62560135622
package-1
1683474208,60516115525
1683474238,61430681360
-----
repeat end
dram
1683474239,8460013410
1683474270,8614253613
package-0
1683474239,62589836046
1683474270,63559075081
package-1
1683474239,61459452648
1683474270,62406351591
-----
dram
1683474271,8617663249
1683474302,8773326566
package-0
1683474271,63588481317
1683474302,64557024980
package-1
1683474271,62435292740
1683474302,63362244774
-----
dram
1683474303,8780325306
1683474334,8943554442
package-0
1683474303,64593641219
1683474334,65612365479
package-1
1683474303,63398098259
1683474334,64444556029
-----
dram
1683474335,8947837448
1683474365,9114142940
package-0
1683474335,65646187047
1683474365,66651219631
package-1
1683474335,64481538540
1683474365,65455945042
-----
dram
1683474367,9118525257
1683474397,9287197200
package-0
1683474367,66682873602
1683474397,67691105091
package-1
1683474367,65485809467
1683474397,66481505405
-----
repeat end
dram
1683474398,9291349835
1683474429,9462443569
package-0
1683474398,67722946501
1683474429,68734552066
package-1
1683474398,66512362442
1683474429,67512047139
-----
dram
1683474430,9466346782
1683474461,9640662574
package-0
1683474430,68762841666
1683474461,69811968497
package-1
1683474430,67542260196
1683474461,68619945914
-----
dram
1683474462,9645061140
1683474493,9817562765
package-0
1683474462,69843949617
1683474493,70857580322
package-1
1683474462,68651011752
1683474493,69658996110
-----
dram
1683474494,9821604123
1683474524,9992609897
package-0
1683474494,70887765304
1683474524,71884772578
package-1
1683474494,69690184995
1683474524,70713326480
-----
dram
1683474526,9997230298
1683474556,10171300219
package-0
1683474526,71917988008
1683474556,72951812449
package-1
1683474526,70746443095
1683474556,71807601145
-----
repeat end
dram
1683474557,10175388165
1683474588,10348605676
package-0
1683474557,72981996026
1683474588,73997799822
package-1
1683474557,71839315053
1683474588,72891351727
-----
dram
1683474589,10352891237
1683474620,10524047778
package-0
1683474589,74027354129
1683474620,75060251753
package-1
1683474589,72924623310
1683474620,73927499832
-----
dram
1683474621,10528405049
1683474652,10699244865
package-0
1683474621,75094091144
1683474652,76147694160
package-1
1683474621,73965427469
1683474652,75016659519
-----
dram
1683474653,10702706857
1683474683,10874440896
package-0
1683474653,76177192986
1683474683,77203631887
package-1
1683474653,75045535788
1683474683,76047326802
-----
dram
1683474685,10878402035
1683474715,11052959139
package-0
1683474685,77236806667
1683474715,78285153471
package-1
1683474685,76076457892
1683474715,77103548769
-----
repeat end
dram
1683474716,11057475806
1683474747,11226356609
package-0
1683474716,78317489753
1683474747,79363057572
package-1
1683474716,77138781772
1683474747,78191233362
-----
dram
1683474748,11229792867
1683474779,11391857336
package-0
1683474748,79392783082
1683474779,80371460813
package-1
1683474748,78219686964
1683474779,79172147660
-----
dram
1683474780,11395296654
1683474811,11557355585
package-0
1683474780,80401459027
1683474811,81380006815
package-1
1683474780,79201203921
1683474811,80153398566
-----
dram
1683474812,11561719374
1683474843,11736876758
package-0
1683474812,81414564222
1683474843,82471127496
package-1
1683474812,80191710358
1683474843,81288705779
-----
dram
1683474844,11740924465
1683474874,11911380939
package-0
1683474844,82500725687
1683474874,83487605668
package-1
1683474844,81320329478
1683474874,82325814208
-----
repeat end
dram
1683474876,11914925826
1683474906,12077805480
package-0
1683474876,83517445984
1683474906,84493526066
package-1
1683474876,82354761827
1683474906,83304447201
-----
dram
1683474907,12081611309
1683474938,12245848164
package-0
1683474907,84524068957
1683474938,85527553631
package-1
1683474907,83333928144
1683474938,84340831694
-----
dram
1683474939,12249250747
1683474970,12411714348
package-0
1683474939,85557036527
1683474970,86533586517
package-1
1683474939,84369761063
1683474970,85318992825
-----
dram
1683474971,12415180088
1683475002,12588575707
package-0
1683474971,86563285782
1683475002,87600863326
package-1
1683474971,85347779128
1683475002,86413412142
-----
dram
1683475003,12592857596
1683475033,12769981320
package-0
1683475003,87631207548
1683475033,88678399630
package-1
1683475003,86445795543
1683475033,87507072734
-----
repeat end
dram
1683473445,5125192883
1683473475,5220385275
package-0
1683473445,40676350885
1683473475,41502465652
package-1
1683473445,35180020412
1683473475,35888322005
-----
dram
1683473476,5224082107
1683473507,5319083357
package-0
1683473476,41533878719
1683473507,42359195210
package-1
1683473476,35915625829
1683473507,36613385822
-----
dram
1683473508,5322738297
1683473539,5418624851
package-0
1683473508,42390854858
1683473539,43220141736
package-1
1683473508,36640429576
1683473539,37345833959
-----
dram
1683473540,5422275981
1683473571,5517548546
package-0
1683473540,43251822258
1683473571,44080088936
package-1
1683473540,37372736356
1683473571,38076411252
-----
dram
1683473572,5521258781
1683473602,5616459634
package-0
1683473572,44111456471
1683473602,44932884300
package-1
1683473572,38104334337
1683473602,38805162316
-----
repeat end
dram
1683473604,5620155471
1683473634,5716798426
package-0
1683473604,44966397520
1683473634,45804298268
package-1
1683473604,38832354568
1683473634,39538624855
-----
dram
1683473635,5720558493
1683473666,5822768873
package-0
1683473635,45836836881
1683473666,46675754228
package-1
1683473635,39565748992
1683473666,40286239762
-----
dram
1683473667,5826441409
1683473698,5923357805
package-0
1683473667,46707354305
1683473698,47543723380
package-1
1683473667,40313319527
1683473698,41026844922
-----
dram
1683473699,5926979713
1683473730,6022473363
package-0
1683473699,47574753086
1683473730,48399219054
package-1
1683473699,41053404302
1683473730,41768828618
-----
dram
1683473731,6026183460
1683473761,6121483105
package-0
1683473731,48430394267
1683473761,49270860072
package-1
1683473731,41795679868
1683473761,42502900896
-----
repeat end
dram
1683473763,6125124474
1683473793,6222910936
package-0
1683473763,49302300482
1683473793,50152453335
package-1
1683473763,42529791575
1683473793,43247449161
-----
dram
1683473794,6226602367
1683473825,6323866686
package-0
1683473794,50185382389
1683473825,51032502352
package-1
1683473794,43274335140
1683473825,43993251207
-----
dram
1683473826,6327512874
1683473857,6425546508
package-0
1683473826,51064374279
1683473857,51912355751
package-1
1683473826,44019977152
1683473857,44739541167
-----
dram
1683473858,6429250638
1683473889,6526702947
package-0
1683473858,51943753925
1683473889,52792300703
package-1
1683473858,44766420431
1683473889,45485620800
-----
dram
1683473890,6530514330
1683473920,6629202589
package-0
1683473890,52824396812
1683473920,53665005073
package-1
1683473890,45512876284
1683473920,46237752480
-----
repeat end
dram
1683473922,6632849619
1683473952,6732420398
package-0
1683473922,53696190906
1683473952,54547528204
package-1
1683473922,46264223848
1683473952,46992527587
-----
dram
1683473953,6736206260
1683473984,6834477365
package-0
1683473953,54580517927
1683473984,55435581656
package-1
1683473953,47020065114
1683473984,47732058103
-----
dram
1683473985,6838157198
1683474016,6935331354
package-0
1683473985,55467044344
1683474016,56318957446
package-1
1683473985,47758771413
1683474016,48491363227
-----
dram
1683474017,6939028553
1683474048,7037902936
package-0
1683474017,56351231717
1683474048,57203218305
package-1
1683474017,48518331298
1683474048,49253839241
-----
dram
1683474049,7041636947
1683474079,7138635306
package-0
1683474049,57236037801
1683474079,58090942351
package-1
1683474049,49281027526
1683474079,50013337663
-----
repeat end
dram
1683474081,7142262599
1683474111,7241103414
package-0
1683474081,58123208320
1683474111,58982286993
package-1
1683474081,50039730662
1683474111,50775270588
-----
dram
1683474112,7244890991
1683474143,7342507041
package-0
1683474112,59015496808
1683474143,59874166729
package-1
1683474112,50802425365
1683474143,51539822647
-----
dram
1683474144,7346221988
1683474175,7442557030
package-0
1683474144,59907398150
1683474175,60766949904
package-1
1683474144,51567889165
1683474175,52311452202
-----
dram
1683474176,7446234263
1683474207,7544895915
package-0
1683474176,60800012503
1683474207,61659979051
package-1
1683474176,52340245159
1683474207,53081989353
-----
dram
1683474208,7548643451
1683474238,7647317037
package-0
1683474208,61693142480
1683474238,62553967424
package-1
1683474208,53109272059
1683474238,53847956387
-----
repeat end
dram
1683474240,7650991363
1683474270,7749978018
package-0
1683474240,62586836298
1683474270,63447412708
package-1
1683474240,53876298477
1683474270,54614414935
-----
dram
1683474271,7753663574
1683474302,7852964337
package-0
1683474271,63480032436
1683474302,64340200156
package-1
1683474271,54641805368
1683474302,55379277662
-----
dram
1683474303,7856646267
1683474334,7955361898
package-0
1683474303,64372357117
1683474334,65228176094
package-1
1683474303,55406480839
1683474334,56147337951
-----
dram
1683474335,7959078329
1683474366,8057632988
package-0
1683474335,65259986437
1683474366,66110982305
package-1
1683474335,56175911426
1683474366,56912557733
-----
dram
1683474367,8061171603
1683474397,8160834747
package-0
1683474367,66141171437
1683474397,66994587648
package-1
1683474367,56938420948
1683474397,57669490549
-----
repeat end
dram
1683474399,8164497460
1683474429,8262251470
package-0
1683474399,67026311932
1683474429,67878803097
package-1
1683474399,57698575069
1683474429,58433960760
-----
dram
1683474430,8265804069
1683474461,8361781811
package-0
1683474430,67909088542
1683474461,68760310240
package-1
1683474430,58459839417
1683474461,59192560991
-----
dram
1683474462,8365427739
1683474493,8465427606
package-0
1683474462,68793225927
1683474493,69648252058
package-1
1683474462,59219356942
1683474493,59952190455
-----
dram
1683474494,8469127498
1683474525,8567513521
package-0
1683474494,69680079308
1683474525,70532406289
package-1
1683474494,59979205583
1683474525,60712233370
-----
dram
1683474526,8571221843
1683474556,8671270287
package-0
1683474526,70564837114
1683474556,71423059466
package-1
1683474526,60740899007
1683474556,61463356447
-----
repeat end
dram
1683474558,8674970011
1683474588,8773739268
package-0
1683474558,71454583311
1683474588,72299821198
package-1
1683474558,61490277887
1683474588,62224115486
-----
dram
1683474589,8777506419
1683474620,8877361410
package-0
1683474589,72331336926
1683474620,73185789511
package-1
1683474589,62251187133
1683474620,62975493262
-----
dram
1683474621,8881074658
1683474652,8978463611
package-0
1683474621,73217577149
1683474652,74063907624
package-1
1683474621,63002897366
1683474652,63731608941
-----
dram
1683474653,8982104689
1683474684,9082845183
package-0
1683474653,74095242383
1683474684,74933363895
package-1
1683474653,63758586411
1683474684,64490184208
-----
dram
1683474685,9086542765
1683474715,9182109227
package-0
1683474685,74964716048
1683474715,75804205171
package-1
1683474685,64517265865
1683474715,65244133145
-----
repeat end
dram
1683474717,9185864214
1683474747,9283718776
package-0
1683474717,75835803235
1683474747,76676567562
package-1
1683474717,65271432392
1683474747,65997805471
-----
dram
1683474748,9287340057
1683474779,9386701684
package-0
1683474748,76707329751
1683474779,77549139059
package-1
1683474748,66024361311
1683474779,66750443498
-----
dram
1683474780,9390407237
1683474811,9488093988
package-0
1683474780,77581541625
1683474811,78423870035
package-1
1683474780,66777714851
1683474811,67503005963
-----
dram
1683474812,9491743405
1683474843,9586672470
package-0
1683474812,78454758933
1683474843,79283820287
package-1
1683474812,67529778356
1683474843,68257644412
-----
dram
1683474844,9590355455
1683474874,9688997661
package-0
1683474844,79315774001
1683474874,80161727463
package-1
1683474844,68284609614
1683474874,69009851898
-----
repeat end
dram
1683474876,9692696880
1683474906,9789711961
package-0
1683474876,80192955227
1683474906,81033877574
package-1
1683474876,69036822044
1683474906,69768154583
-----
dram
1683474907,9793357676
1683474938,9892787143
package-0
1683474907,81065277823
1683474938,81910820337
package-1
1683474907,69795920137
1683474938,70518540114
-----
dram
1683474939,9896480624
1683474970,9996825537
package-0
1683474939,81942129216
1683474970,82788056128
package-1
1683474939,70545557440
1683474970,71271445474
-----
dram
1683474971,10000542167
1683475002,10097922750
package-0
1683474971,82820536025
1683475002,83657819587
package-1
1683474971,71298484345
1683475002,72027816890
-----
dram
1683475003,10101565343
1683475034,10200393765
package-0
1683475003,83689084278
1683475034,84529135655
package-1
1683475003,72054803027
1683475034,72780362570
-----
repeat end
dram
1683473445,4288433634
1683473475,4370330510
package-0
1683473445,40520942774
1683473475,41362864569
package-1
1683473445,39906602367
1683473475,40750410937
-----
dram
1683473477,4373287082
1683473507,4455097911
package-0
1683473477,41394502855
1683473507,42236969692
package-1
1683473477,40781863005
1683473507,41627024477
-----
dram
1683473508,4457987775
1683473539,4539775608
package-0
1683473508,42268609382
1683473539,43108907768
package-1
1683473508,41658303937
1683473539,42505486583
-----
dram
1683473540,4542660208
1683473571,4624646345
package-0
1683473540,43140349948
1683473571,43981773514
package-1
1683473540,42536533379
1683473571,43380972745
-----
dram
1683473572,4627646415
1683473603,4709505010
package-0
1683473572,44013549373
1683473603,44854204936
package-1
1683473572,43412365609
1683473603,44258631570
-----
repeat end
dram
1683473604,4712430064
1683473634,4802015603
package-0
1683473604,44886053792
1683473634,45762587742
package-1
1683473604,44290088277
1683473634,45179147097
-----
dram
1683473636,4804931615
1683473666,4894234930
package-0
1683473636,45794325576
1683473666,46673110741
package-1
1683473636,45210420882
1683473666,46096747287
-----
dram
1683473667,4897248296
1683473698,4986151287
package-0
1683473667,46705212099
1683473698,47582837904
package-1
1683473667,46129159252
1683473698,47014049931
-----
dram
1683473699,4989040462
1683473730,5078470798
package-0
1683473699,47614219782
1683473730,48492335209
package-1
1683473699,47045068529
1683473730,47930597634
-----
dram
1683473731,5081351023
1683473762,5170669532
package-0
1683473731,48523686997
1683473762,49400360107
package-1
1683473731,47961526571
1683473762,48849181952
-----
repeat end
dram
1683473763,5173551409
1683473793,5269724547
package-0
1683473763,49431660747
1683473793,50336822126
package-1
1683473763,48880294055
1683473793,49796689780
-----
dram
1683473795,5272626681
1683473825,5369561040
package-0
1683473795,50368514855
1683473825,51275648885
package-1
1683473795,49827857059
1683473825,50745272984
-----
dram
1683473826,5372437226
1683473857,5470852946
package-0
1683473826,51307008424
1683473857,52218011524
package-1
1683473826,50776112139
1683473857,51692492178
-----
dram
1683473858,5473741158
1683473889,5573352037
package-0
1683473858,52249451690
1683473889,53159308369
package-1
1683473858,51723458163
1683473889,52636031572
-----
dram
1683473890,5576255243
1683473921,5675905229
package-0
1683473890,53190933349
1683473921,54102443894
package-1
1683473890,52667160154
1683473921,53580012065
-----
repeat end
dram
1683473922,5678811173
1683473952,5786473754
package-0
1683473922,54133589628
1683473952,55076747980
package-1
1683473922,53611294639
1683473952,54552992485
-----
dram
1683473954,5789448671
1683473984,5897361116
package-0
1683473954,55109036166
1683473984,56054990471
package-1
1683473954,54585288300
1683473984,55529738214
-----
dram
1683473985,5900232727
1683474016,6008010579
package-0
1683473985,56086164707
1683474016,57031957330
package-1
1683473985,55560428809
1683474016,56502648138
-----
dram
1683474017,6011071910
1683474048,6118308233
package-0
1683474017,57064172518
1683474048,58007893247
package-1
1683474017,56535887738
1683474048,57483627682
-----
dram
1683474049,6121195878
1683474080,6228837192
package-0
1683474049,58039419350
1683474080,58984883178
package-1
1683474049,57514663553
1683474080,58462408685
-----
repeat end
dram
1683474081,6231675786
1683474111,6347593375
package-0
1683474081,59015728130
1683474111,59990272877
package-1
1683474081,58493213049
1683474111,59470206154
-----
dram
1683474113,6350708210
1683474143,6466839004
package-0
1683474113,60022654325
1683474143,60999639922
package-1
1683474113,59502504289
1683474143,60480499100
-----
dram
1683474144,6469718005
1683474175,6586926899
package-0
1683474144,61032877813
1683474175,62007871838
package-1
1683474144,60511546139
1683474175,61485823674
-----
dram
1683474176,6589891396
1683474207,6707331595
package-0
1683474176,62039707633
1683474207,63018632312
package-1
1683474176,61517235703
1683474207,62498221595
-----
dram
1683474208,6710242788
1683474239,6827674954
package-0
1683474208,63050309721
1683474239,64029984642
package-1
1683474208,62529513569
1683474239,63511377266
-----
repeat end
dram
1683474240,6830538043
1683474270,6955965072
package-0
1683474240,64061158024
1683474270,65068352162
package-1
1683474240,63542160390
1683474270,64547944375
-----
dram
1683474272,6959038061
1683474302,7084157652
package-0
1683474272,65100588835
1683474302,66108567028
package-1
1683474272,64579752949
1683474302,65590248470
-----
dram
1683474303,7087041120
1683474334,7211824539
package-0
1683474303,66141117970
1683474334,67151338590
package-1
1683474303,65621429237
1683474334,66632731397
-----
dram
1683474335,7214714173
1683474366,7339528957
package-0
1683474335,67182729501
1683474366,68190587394
package-1
1683474335,66664742179
1683474366,67676198452
-----
dram
1683474367,7342572724
1683474398,7467453603
package-0
1683474367,68222265841
1683474398,69229884172
package-1
1683474367,67707857001
1683474398,68719068402
-----
repeat end
dram
1683474399,7470377525
1683474429,7597572040
package-0
1683474399,69261602902
1683474429,70276460594
package-1
1683474399,68751349630
1683474429,69770178931
-----
dram
1683474430,7600354804
1683474461,7729401752
package-0
1683474430,70307077642
1683474461,71327683428
package-1
1683474430,69800044944
1683474461,70825998921
-----
dram
1683474462,7732458692
1683474493,7861361941
package-0
1683474462,71360711481
1683474493,72381850346
package-1
1683474462,70858417417
1683474493,71882821228
-----
dram
1683474494,7864284746
1683474525,7991709955
package-0
1683474494,72414150312
1683474525,73428814585
package-1
1683474494,71914204693
1683474525,72934967704
-----
dram
1683474526,7994633127
1683474556,8124359715
package-0
1683474526,73460569813
1683474556,74484488396
package-1
1683474526,72966456821
1683474556,73996009971
-----
repeat end
dram
1683474558,8127243475
1683474588,8254537761
package-0
1683474558,74516408602
1683474588,75533011041
package-1
1683474558,74028927856
1683474588,75052251530
-----
dram
1683474589,8257466043
1683474620,8385442343
package-0
1683474589,75564996433
1683474620,76585769821
package-1
1683474589,75083825424
1683474620,76107576038
-----
dram
1683474621,8388384058
1683474652,8515513656
package-0
1683474621,76619564229
1683474652,77638777562
package-1
1683474621,76140015591
1683474652,77163712616
-----
dram
1683474653,8518388449
1683474684,8646445303
package-0
1683474653,77671560254
1683474684,78693475424
package-1
1683474653,77194918408
1683474684,78222169379
-----
dram
1683474685,8649353909
1683474716,8777370998
package-0
1683474685,78725284424
1683474716,79746495128
package-1
1683474685,78253729540
1683474716,79278287769
-----
repeat end
dram
1683474717,8780394492
1683474747,8908557406
package-0
1683474717,79778965382
1683474747,80798232792
package-1
1683474717,79311221706
1683474747,80335180754
-----
dram
1683474749,8911402915
1683474779,9040845888
package-0
1683474749,80829336106
1683474779,81852321951
package-1
1683474749,80366216136
1683474779,81391743601
-----
dram
1683474780,9043795146
1683474811,9173237216
package-0
1683474780,81884645904
1683474811,82906008035
package-1
1683474780,81424463671
1683474811,82447649346
-----
dram
1683474812,9176303015
1683474843,9307597134
package-0
1683474812,82938589922
1683474843,83967387887
package-1
1683474812,82480367890
1683474843,83511859695
-----
dram
1683474844,9310514232
1683474875,9440608602
package-0
1683474844,83999053333
1683474875,85021614314
package-1
1683474844,83543133052
1683474875,84568175838
-----
repeat end
dram
1683474876,9443498191
1683474906,9573878533
package-0
1683474876,85053139685
1683474906,86076533366
package-1
1683474876,84600083411
1683474906,85624007242
-----
dram
1683474908,9576781785
1683474938,9706408128
package-0
1683474908,86109176593
1683474938,87130236357
package-1
1683474908,85657353775
1683474938,86678790613
-----
dram
1683474939,9709335247
1683474970,9839900842
package-0
1683474939,87162425911
1683474970,88184044145
package-1
1683474939,86710204473
1683474970,87734745308
-----
dram
1683474971,9842848142
1683475002,9975926517
package-0
1683474971,88216845392
1683475002,89244775988
package-1
1683474971,87766136951
1683475002,88795496193
-----
dram
1683475003,9978850913
1683475034,10110281814
package-0
1683475003,89276871548
1683475034,90300154512
package-1
1683475003,88826962177
1683475034,89852025410
-----
repeat end
