dram
1683484418,4181550511
1683484448,4268614228
package-0
1683484418,35077656416
1683484448,35875530289
package-1
1683484418,30506787075
1683484448,31193930214
-----
dram
1683484449,4270199736
1683484479,4357103614
package-0
1683484449,35890153970
1683484479,36683906149
package-1
1683484449,31206595159
1683484479,31891679526
-----
dram
1683484480,4358691693
1683484510,4446029295
package-0
1683484480,36698473373
1683484510,37496345903
package-1
1683484480,31904343190
1683484510,32587839121
-----
dram
1683484511,4447606281
1683484541,4534386611
package-0
1683484511,37511016886
1683484541,38314852414
package-1
1683484511,32600656837
1683484541,33284514339
-----
dram
1683484541,4535977689
1683484572,4622752541
package-0
1683484541,38329849934
1683484572,39137006132
package-1
1683484541,33297277246
1683484572,33981058943
-----
repeat end
dram
1683484572,4624339105
1683484603,4712470150
package-0
1683484572,39151644095
1683484603,39969206089
package-1
1683484572,33993711742
1683484603,34681071555
-----
dram
1683484603,4714065925
1683484633,4801963170
package-0
1683484603,39983821408
1683484633,40791345830
package-1
1683484603,34693708852
1683484633,35384170646
-----
dram
1683484634,4803556007
1683484664,4892629654
package-0
1683484634,40805890592
1683484664,41617144985
package-1
1683484634,35396827474
1683484664,36084682037
-----
dram
1683484665,4894157298
1683484695,4982234778
package-0
1683484665,41631992237
1683484695,42441776175
package-1
1683484665,36097084654
1683484695,36785581365
-----
dram
1683484696,4983793159
1683484726,5071036406
package-0
1683484696,42456430739
1683484726,43267244826
package-1
1683484696,36798292331
1683484726,37489195897
-----
repeat end
dram
1683484727,5072596899
1683484757,5161958844
package-0
1683484727,43282024817
1683484757,44101534926
package-1
1683484727,37501878726
1683484757,38194756957
-----
dram
1683484757,5163525197
1683484788,5252100125
package-0
1683484757,44116008888
1683484788,44930713407
package-1
1683484757,38207306241
1683484788,38905232128
-----
dram
1683484788,5253666799
1683484819,5343872401
package-0
1683484788,44945189688
1683484819,45768995685
package-1
1683484788,38917862894
1683484819,39608729472
-----
dram
1683484819,5345464581
1683484849,5434028967
package-0
1683484819,45783642498
1683484849,46597671175
package-1
1683484819,39621453805
1683484849,40323405377
-----
dram
1683484850,5435603949
1683484880,5525309578
package-0
1683484850,46612243038
1683484880,47429615945
package-1
1683484850,40336075389
1683484880,41031134950
-----
repeat end
dram
1683484881,5526859392
1683484911,5618043352
package-0
1683484881,47444024417
1683484911,48271291952
package-1
1683484881,41043638580
1683484911,41746530091
-----
dram
1683484912,5619621027
1683484942,5709508083
package-0
1683484912,48286756268
1683484942,49112634891
package-1
1683484912,41759192168
1683484942,42467589707
-----
dram
1683484943,5711079577
1683484973,5803097832
package-0
1683484943,49127389248
1683484973,49961656765
package-1
1683484943,42480212417
1683484973,43180757315
-----
dram
1683484973,5804697707
1683485004,5895896447
package-0
1683484973,49976945483
1683485004,50810303946
package-1
1683484973,43193475300
1683485004,43893381468
-----
dram
1683485004,5897482308
1683485035,5986748000
package-0
1683485004,50826029553
1683485035,51647766340
package-1
1683485004,43906116970
1683485035,44620296965
-----
repeat end
dram
1683485035,5988306076
1683485065,6080650404
package-0
1683485035,51662281989
1683485065,52502038446
package-1
1683485035,44632801328
1683485065,45339231038
-----
dram
1683485066,6082170704
1683485096,6172926402
package-0
1683485066,52516441668
1683485096,53344563449
package-1
1683485066,45351560657
1683485096,46067537767
-----
dram
1683485097,6174471274
1683485127,6265490805
package-0
1683485097,53358938718
1683485127,54187449780
package-1
1683485097,46079931839
1683485127,46798431953
-----
dram
1683485128,6267080904
1683485158,6357863806
package-0
1683485128,54202138097
1683485158,55027224303
package-1
1683485128,46811066137
1683485158,47528456390
-----
dram
1683485158,6359400063
1683485189,6450630827
package-0
1683485158,55041710777
1683485189,55872614289
package-1
1683485158,47540957152
1683485189,48256930600
-----
repeat end
dram
1683485189,6452201678
1683485220,6545724565
package-0
1683485189,55887286554
1683485220,56731212494
package-1
1683485189,48269534388
1683485220,48981400791
-----
dram
1683485220,6547289357
1683485250,6643020983
package-0
1683485220,56745933465
1683485250,57603105404
package-1
1683485220,48993976076
1683485250,49691660264
-----
dram
1683485251,6644554640
1683485281,6736940125
package-0
1683485251,57618016193
1683485281,58463597220
package-1
1683485251,49703982498
1683485281,50414424710
-----
dram
1683485282,6738490152
1683485312,6830972165
package-0
1683485282,58478179641
1683485312,59325182172
package-1
1683485282,50426961971
1683485312,51137487740
-----
dram
1683485313,6832538686
1683485343,6924164557
package-0
1683485313,59340210759
1683485343,60180021048
package-1
1683485313,51150217932
1683485343,51870946921
-----
repeat end
dram
1683485344,6925709490
1683485374,7019719039
package-0
1683485344,60195236158
1683485374,61048438991
package-1
1683485344,51883568227
1683485374,52600568589
-----
dram
1683485374,7021185238
1683485405,7113572422
package-0
1683485374,61063000538
1683485405,61934455888
package-1
1683485374,52612609146
1683485405,53309798157
-----
dram
1683485405,7115039814
1683485435,7207318505
package-0
1683485405,61948857157
1683485435,62791550923
package-1
1683485405,53321813141
1683485435,54051959832
-----
dram
1683485436,7208889647
1683485466,7302975880
package-0
1683485436,62806766765
1683485466,63661078787
package-1
1683485436,54064582907
1683485466,54782617446
-----
dram
1683485467,7304485806
1683485497,7398194283
package-0
1683485467,63675711257
1683485497,64529170681
package-1
1683485467,54794707564
1683485497,55512444496
-----
repeat end
dram
1683485498,7399746942
1683485528,7494597961
package-0
1683485498,64544274097
1683485528,65399582393
package-1
1683485498,55524907660
1683485528,56247104359
-----
dram
1683485529,7496169867
1683485559,7588741232
package-0
1683485529,65414634417
1683485559,66259636893
package-1
1683485529,56259767290
1683485559,56996058984
-----
dram
1683485559,7590298650
1683485590,7685329581
package-0
1683485559,66274568434
1683485590,67134380503
package-1
1683485559,57008702140
1683485590,57730109839
-----
dram
1683485590,7686865962
1683485621,7780364139
package-0
1683485590,67148865818
1683485621,67995205875
package-1
1683485590,57742435247
1683485621,58480515938
-----
dram
1683485621,7781756271
1683485651,7877400488
package-0
1683485621,68008596344
1683485651,68866613251
package-1
1683485621,58491579631
1683485651,59214722921
-----
repeat end
dram
1683485652,7879005855
1683485682,7976255058
package-0
1683485652,68882327872
1683485682,69741570240
package-1
1683485652,59228297532
1683485682,59952890709
-----
dram
1683485683,7977867938
1683485713,8070883722
package-0
1683485683,69757278757
1683485713,70605526952
package-1
1683485683,59965993581
1683485713,60705196523
-----
dram
1683485714,8072436014
1683485744,8166260326
package-0
1683485714,70620608578
1683485744,71467730189
package-1
1683485714,60717648212
1683485744,61455772238
-----
dram
1683485745,8167854846
1683485775,8261981991
package-0
1683485745,71483204087
1683485775,72329388261
package-1
1683485745,61468615650
1683485775,62206769827
-----
dram
1683485775,8263535814
1683485806,8359805112
package-0
1683485775,72344341104
1683485806,73201391095
package-1
1683485775,62219244099
1683485806,62941101016
-----
repeat end
dram
1683485806,8361357526
1683485837,8461239507
package-0
1683485806,73216102910
1683485837,74086468907
package-1
1683485806,62953511568
1683485837,63659930902
-----
dram
1683485837,8462812989
1683485867,8559092431
package-0
1683485837,74101582821
1683485867,74959601315
package-1
1683485837,63672686362
1683485867,64396175965
-----
dram
1683485868,8560524771
1683485898,8658823722
package-0
1683485868,74973843527
1683485898,75843219231
package-1
1683485868,64407826204
1683485898,65116269947
-----
dram
1683485899,8660347005
1683485929,8753421541
package-0
1683485899,75857926530
1683485929,76698516969
package-1
1683485899,65128648577
1683485929,65869224806
-----
dram
1683485930,8754893875
1683485960,8849923399
package-0
1683485930,76712334560
1683485960,77568042636
package-1
1683485930,65881214949
1683485960,66602737943
-----
repeat end
dram
1683484418,4832574263
1683484448,4935691902
package-0
1683484418,34454079644
1683484448,35240656304
package-1
1683484418,35378435859
1683484448,36182463708
-----
dram
1683484449,4937281083
1683484479,5055579076
package-0
1683484449,35254212605
1683484479,36160448871
package-1
1683484449,36196512195
1683484479,37221062306
-----
dram
1683484480,5057427530
1683484510,5159126707
package-0
1683484480,36176947975
1683484510,36966408905
package-1
1683484480,37239540469
1683484510,38045426346
-----
dram
1683484511,5160710058
1683484541,5265322461
package-0
1683484511,36979929378
1683484541,37785950142
package-1
1683484511,38059553568
1683484541,38897831634
-----
dram
1683484542,5267139826
1683484572,5370063186
package-0
1683484542,37802317593
1683484572,38593322709
package-1
1683484542,38917132610
1683484572,39724597340
-----
repeat end
dram
1683484572,5371640662
1683484603,5492695685
package-0
1683484572,38606876691
1683484603,39458586607
package-1
1683484572,39738627883
1683484603,40607569872
-----
dram
1683484603,5494541814
1683484634,5615229774
package-0
1683484603,39474872821
1683484634,40329917873
package-1
1683484603,40626171448
1683484634,41495028599
-----
dram
1683484634,5616788768
1683484664,5738795802
package-0
1683484634,40343388847
1683484664,41204085557
package-1
1683484634,41508938048
1683484664,42388192023
-----
dram
1683484665,5740373232
1683484695,5863159435
package-0
1683484665,41217627392
1683484695,42086735214
package-1
1683484665,42401989289
1683484695,43305940833
-----
dram
1683484696,5864764451
1683484726,5985671936
package-0
1683484696,42100363047
1683484726,42950382966
package-1
1683484696,43320033204
1683484726,44182188040
-----
repeat end
dram
1683484727,5987269700
1683484757,6127049888
package-0
1683484727,42963958798
1683484757,43888794016
package-1
1683484727,44196210832
1683484757,45144750029
-----
dram
1683484758,6128714681
1683484788,6267665440
package-0
1683484758,43903088901
1683484788,44820210394
package-1
1683484758,45159052544
1683484788,46089657644
-----
dram
1683484788,6269334686
1683484819,6409124987
package-0
1683484788,44834017426
1683484819,45768414692
package-1
1683484788,46103890884
1683484819,47065499324
-----
dram
1683484819,6410684501
1683484850,6552705282
package-0
1683484819,45782173141
1683484850,46738408608
package-1
1683484819,47079483480
1683484850,48084818858
-----
dram
1683484850,6554243773
1683484880,6698163055
package-0
1683484850,46751615850
1683484880,47681750737
package-1
1683484850,48098482153
1683484880,49067403561
-----
repeat end
dram
1683484881,6700129518
1683484911,6863753226
package-0
1683484881,47695777495
1683484911,48684114626
package-1
1683484881,49083993607
1683484911,50131532917
-----
dram
1683484912,6865366382
1683484942,7028967599
package-0
1683484912,48697836026
1683484942,49728237136
package-1
1683484912,50145795393
1683484942,51262508294
-----
dram
1683484943,7030559365
1683484973,7188095937
package-0
1683484943,49742052103
1683484973,50724698574
package-1
1683484943,51276551043
1683484973,52261961851
-----
dram
1683484974,7189688637
1683485004,7347199857
package-0
1683484974,50738234916
1683485004,51719530561
package-1
1683484974,52275893028
1683485004,53257988415
-----
dram
1683485004,7348738654
1683485035,7509569026
package-0
1683485004,51732669138
1683485035,52755845840
package-1
1683485004,53271528419
1683485035,54353832045
-----
repeat end
dram
1683485035,7511103937
1683485065,7688253564
package-0
1683485035,52769293254
1683485065,53820691930
package-1
1683485035,54367614053
1683485065,55435247306
-----
dram
1683485066,7690161566
1683485096,7869617730
package-0
1683485066,53836467586
1683485096,54907178529
package-1
1683485066,55454150273
1683485096,56584326762
-----
dram
1683485097,7871819216
1683485127,8056532352
package-0
1683485097,54923578694
1683485127,55974109513
package-1
1683485097,56603538077
1683485127,57732268037
-----
dram
1683485128,8058517665
1683485158,8242005470
package-0
1683485128,55988456278
1683485158,57060241986
package-1
1683485128,57748341482
1683485158,58886951116
-----
dram
1683485159,8243747865
1683485189,8420285430
package-0
1683485159,57074509833
1683485189,58139009244
package-1
1683485159,58901550139
1683485189,60012882194
-----
repeat end
dram
1683485189,8421820740
1683485220,8612536402
package-0
1683485189,58152663384
1683485220,59250259817
package-1
1683485189,60026594256
1683485220,61141816926
-----
dram
1683485220,8614101179
1683485251,8804872075
package-0
1683485220,59264389908
1683485251,60362811962
package-1
1683485220,61155898494
1683485251,62267752520
-----
dram
1683485251,8806417222
1683485281,9000717308
package-0
1683485251,60376529273
1683485281,61485600958
package-1
1683485251,62281456220
1683485281,63447611804
-----
dram
1683485282,9002645643
1683485312,9206133409
package-0
1683485282,61500645658
1683485312,62621067594
package-1
1683485282,63464488836
1683485312,64710938404
-----
dram
1683485313,9208103759
1683485343,9413897740
package-0
1683485313,62635277153
1683485343,63736065411
package-1
1683485313,64726667917
1683485343,65922647338
-----
repeat end
dram
1683485344,9415851504
1683485374,9631015924
package-0
1683485344,63749678780
1683485374,64882322548
package-1
1683485344,65937977438
1683485374,67179300310
-----
dram
1683485375,9633324709
1683485405,9847125854
package-0
1683485375,64897409728
1683485405,66044190240
package-1
1683485375,67195723791
1683485405,68488536155
-----
dram
1683485405,9848942270
1683485436,10061822920
package-0
1683485405,66057806294
1683485436,67208029607
package-1
1683485405,68503426986
1683485436,69739753350
-----
dram
1683485436,10063862303
1683485466,10274176195
package-0
1683485436,67222864896
1683485466,68368859215
package-1
1683485436,69756157056
1683485466,71001949887
-----
dram
1683485467,10276537168
1683485497,10487515600
package-0
1683485467,68384437484
1683485497,69553165449
package-1
1683485467,71018805251
1683485497,72303963521
-----
repeat end
dram
1683485498,10489308776
1683485528,10704998001
package-0
1683485498,69567719428
1683485528,70758230845
package-1
1683485498,72318772077
1683485528,73634337740
-----
dram
1683485529,10708904673
1683485559,10925072406
package-0
1683485529,70779303789
1683485559,71961922710
package-1
1683485529,73657872775
1683485559,74972060573
-----
dram
1683485560,10929071443
1683485590,11149224398
package-0
1683485560,71983875901
1683485590,73209536704
package-1
1683485560,74997871237
1683485590,76344491447
-----
dram
1683485590,11151153697
1683485621,11371065493
package-0
1683485590,73224841962
1683485621,74445741547
package-1
1683485590,76359792128
1683485621,77690236964
-----
dram
1683485621,11373865959
1683485651,11591627830
package-0
1683485621,74463254258
1683485651,75654419849
package-1
1683485621,77711965912
1683485651,79036144956
-----
repeat end
dram
1683485652,11595223269
1683485682,11810527209
package-0
1683485652,75674452879
1683485682,76873106915
package-1
1683485652,79058215762
1683485682,80292855729
-----
dram
1683485683,11812788611
1683485713,12030471212
package-0
1683485683,76889034303
1683485713,78102359688
package-1
1683485683,80311420561
1683485713,81589959342
-----
dram
1683485714,12032678145
1683485744,12251980389
package-0
1683485714,78117304230
1683485744,79331485570
package-1
1683485714,81606312693
1683485744,82893573863
-----
dram
1683485745,12254403159
1683485775,12471082830
package-0
1683485745,79348867972
1683485775,80542505419
package-1
1683485745,82911307033
1683485775,84178559038
-----
dram
1683485776,12474115046
1683485806,12693989173
package-0
1683485776,80561183411
1683485806,81780189934
package-1
1683485776,84198834194
1683485806,85503610577
-----
repeat end
dram
1683485806,12695903127
1683485837,12913641022
package-0
1683485806,81795548842
1683485837,83005634428
package-1
1683485806,85519015445
1683485837,86744665445
-----
dram
1683485837,12917024265
1683485867,13142415267
package-0
1683485837,83025145426
1683485867,84273032246
package-1
1683485837,86765650621
1683485867,88146403250
-----
dram
1683485868,13145417264
1683485898,13366394950
package-0
1683485868,84291027256
1683485898,85513909257
package-1
1683485868,88166088747
1683485898,89543950576
-----
dram
1683485899,13370247811
1683485929,13588626211
package-0
1683485899,85535332420
1683485929,86730303604
package-1
1683485899,89567299149
1683485929,90868194378
-----
dram
1683485930,13592408876
1683485960,13814554579
package-0
1683485930,86750994896
1683485960,87992825152
package-1
1683485930,90891332503
1683485960,92237741715
-----
repeat end
