[0.5, 21.85, 708.7, 4459.25]
[0.009752534470713354, 0.0007630045079682347, 0.03723073942311541, 0.9522537215982029]
[0.4, 7.55, 610.05, 4188.45]
[0.009924313247081984, 0.00029153343567208317, 0.03229515097937467, 0.957489002337871]
[0.55, 8.3, 455.2, 4305.8]
[0.009657168576919572, 0.0007808827064188548, 0.022943040884376133, 0.9666189078322857]
[0.45, 6.85, 482.15, 4303.3]
[0.008267756315464947, 0.000995298095241543, 0.025425883191875904, 0.9653110623974175]
[0.35, 7.3, 410.9, 4354.2]
[0.008273140465876367, 0.00019292626129144497, 0.019394303331931446, 0.9721396299409006]
repeat end
[1.35, 28.45, 1165.4, 7553.55]
[0.020511271967498784, 0.0007755793341780011, 0.036045222645561426, 0.942667926052762]
[1.15, 19.5, 974.2, 7451.4]
[0.02086747375372382, 0.0003647653901769217, 0.030732514367128694, 0.9480352464889705]
[0.9, 18.05, 1203.55, 7051.8]
[0.08138205322580645, 0.00042469032258064506, 0.03424282741935484, 0.8839504290322582]
[0.95, 18.8, 1069.05, 7268.85]
[0.08030738709677418, 0.0003920661290322581, 0.03295066935483871, 0.8863498774193547]
[1.3, 21.8, 1068.95, 7419.6]
[0.08195236451612901, 0.0007398435483870967, 0.03176202903225806, 0.8855457629032257]
repeat end
[2.3, 49.45, 2411.4, 9870.7]
[0.093675864516129, 0.0008840112903225807, 0.05594466290322579, 0.8494954612903225]
[2.2, 37.4, 2212.05, 9745.1]
[0.09234809354838706, 0.0013942548387096774, 0.05495665161290323, 0.8513009999999998]
[3.1, 37.8, 2514.9, 9302.05]
[0.09282213870967744, 0.00045320645161290327, 0.055945041935483865, 0.8507796129032258]
[2.75, 39.0, 2379.0, 9547.6]
[0.03183098166666667, 0.0006166816666666665, 0.05620551166666667, 0.9113468250000001]
[2.2, 35.85, 2112.15, 9772.35]
[0.030024894999999985, 0.00060914, 0.05297558833333332, 0.9163903766666666]
repeat end
[4.6, 68.95, 4099.1, 11356.55]
[0.042604318333333335, 0.0010908366666666667, 0.08288593833333333, 0.8734189066666666]
[3.7, 59.35, 3736.75, 11496.05]
[0.03992352166666667, 0.0009907116666666668, 0.07924148166666665, 0.8798442849999999]
[3.75, 59.15, 4182.4, 11009.3]
[0.04074748833333334, 0.0009082266666666668, 0.082195655, 0.87614863]
[4.0, 58.7, 4049.95, 11209.15]
[0.04352616333333333, 0.0007484249999999999, 0.08053622000000002, 0.8751891916666666]
[3.6, 60.3, 3968.45, 11239.5]
[0.04092900000000001, 0.0011067583333333334, 0.08016316999999998, 0.8778010716666665]
repeat end
[4.85, 94.35, 6340.45, 12338.1]
[0.050771969999999986, 0.0013609783333333333, 0.10949809333333331, 0.8383689583333334]
[5.85, 90.35, 6267.95, 12160.4]
[0.04903645000000001, 0.0009968099999999997, 0.10895570166666668, 0.8410110383333331]
[4.55, 82.7, 6227.2, 12336.2]
[0.11241309516129032, 0.0009916741935483873, 0.10735785645161292, 0.7792373741935484]
[5.1, 82.1, 6074.15, 12300.6]
[0.11142144032258065, 0.0008347677419354839, 0.10321136129032257, 0.7845324306451612]
[5.05, 91.95, 6199.55, 12331.8]
[0.1121192, 0.0010422645161290323, 0.10446560161290322, 0.7823729338709675]
repeat end
[6.95, 121.6, 7818.65, 12713.85]
[0.1173123806451613, 0.001192301612903226, 0.1228419064516129, 0.7586534112903226]
[6.2, 97.2, 7210.05, 12540.0]
[0.11706488387096776, 0.0010255919354838709, 0.11709134193548387, 0.7648181822580646]
[6.3, 96.1, 7223.1, 12637.45]
[0.11506504193548388, 0.0012078725806451613, 0.11755545483870966, 0.7661716306451613]
[6.1, 99.75, 7311.05, 12975.6]
[0.05803012, 0.0009818433333333332, 0.12359110333333337, 0.8173969333333332]
[6.05, 93.55, 7388.8, 12767.35]
[0.057017475, 0.0012543133333333335, 0.12385269666666662, 0.8178755149999999]
repeat end
[5.65, 106.85, 7888.35, 12695.65]
[0.054984188333333336, 0.00151896, 0.13042439666666666, 0.813072455]
[6.15, 109.9, 8232.95, 12359.0]
[0.053812006666666655, 0.0014214616666666665, 0.12734323, 0.8174233016666665]
[6.75, 103.5, 7809.2, 12414.0]
[0.05274771666666668, 0.0011843166666666665, 0.12391092166666666, 0.822157045]
[5.85, 100.0, 7242.5, 12774.15]
[0.057818520000000005, 0.001172041666666667, 0.12171046999999999, 0.8192989683333334]
[6.0, 94.95, 7197.0, 12690.05]
[0.059300125000000016, 0.0011686316666666668, 0.12251605666666668, 0.8170151866666668]
repeat end
[6.6, 107.15, 7797.7, 12781.0]
[0.05576351999999999, 0.001489093333333333, 0.12876337166666663, 0.8139840150000002]
[5.15, 106.75, 7675.7, 12733.65]
[0.05400262666666665, 0.00125538, 0.12454778833333333, 0.8201942050000002]
[6.25, 109.55, 7100.95, 12689.7]
[0.056124265000000007, 0.0012487349999999997, 0.119339245, 0.823287755]
[6.95, 107.55, 7750.2, 12479.4]
[0.052514905, 0.0011570966666666666, 0.12454583166666666, 0.8217821666666667]
[7.1, 108.0, 7901.35, 12483.55]
[0.052564795, 0.0014109516666666664, 0.12391387666666664, 0.8221103766666665]
repeat end
[6.0, 100.3, 7473.65, 12725.55]
[0.11920783225806453, 0.0011646629032258065, 0.12034620806451615, 0.7592812967741935]
[6.7, 117.25, 8243.8, 12650.6]
[0.11737255000000002, 0.0012142225806451611, 0.12743832258064514, 0.7539749048387099]
[6.6, 100.8, 7556.05, 12561.6]
[0.11615428870967741, 0.0010579403225806452, 0.11934622419354839, 0.7634415467741935]
[5.9, 97.5, 7615.15, 12531.35]
[0.12025933064516128, 0.0010265370967741936, 0.12056348548387097, 0.7581506467741935]
[4.55, 78.85, 5626.75, 11616.9]
[0.11048604677419356, 0.000981516129032258, 0.0969576, 0.7915748370967743]
repeat end
[5.55, 101.15, 7424.7, 12586.05]
[0.11880284516129036, 0.0013024129032258064, 0.11916299838709679, 0.7607317435483872]
[6.05, 105.8, 8350.25, 12159.45]
[0.05501213666666667, 0.0012236983333333334, 0.12699026500000002, 0.8167738999999999]
[6.3, 111.55, 8043.25, 12690.55]
[0.05805948833333334, 0.0013373599999999997, 0.12842508833333335, 0.8121780633333332]
[7.45, 103.2, 8224.15, 12438.25]
[0.054813085, 0.0009759466666666666, 0.12708778166666668, 0.8171231866666666]
[5.85, 88.3, 6022.35, 12017.7]
[0.04921136999999998, 0.0011726150000000001, 0.10638673000000001, 0.8432292849999999]
repeat end
[170.3, 4517.95, 28307.7, 3777.85]
[0.09895502333333331, 0.008493423333333335, 0.21311085166666666, 0.6794407016666666]
[175.75, 4498.3, 27617.75, 3687.75]
[0.09483624333333332, 0.008384628333333335, 0.19850379499999998, 0.6982753333333332]
[170.75, 4411.45, 27966.45, 3712.45]
[0.07319755833333333, 0.007293650000000001, 0.19653567666666666, 0.722973115]
[180.75, 4586.05, 26876.4, 3608.65]
[0.07697889333333337, 0.007258428333333333, 0.18225034, 0.7335123383333333]
[170.55, 4357.75, 27858.9, 3730.7]
[0.07102148333333332, 0.007390048333333332, 0.20058043833333333, 0.7210080299999999]
repeat end
[358.65, 9077.85, 53578.65, 4914.2]
[0.14980283, 0.01406400833333333, 0.29748425999999994, 0.5386489016666667]
[351.9, 9009.75, 53466.2, 4852.75]
[0.14743345833333335, 0.014018133333333332, 0.3046111883333333, 0.53393722]
[345.7, 8759.35, 51887.15, 4819.9]
[0.14266959833333334, 0.013664305000000002, 0.2930669983333333, 0.5505990983333333]
[347.55, 8855.05, 50846.65, 4719.45]
[0.14532233333333333, 0.013335156666666667, 0.2755845066666667, 0.5657580033333334]
[350.25, 8866.3, 51005.25, 4716.4]
[0.1433795, 0.013230836666666666, 0.281181355, 0.5622083083333334]
repeat end
[526.25, 13583.85, 77195.05, 5125.3]
[0.22263394499999994, 0.020130496666666664, 0.37390246166666663, 0.3833330966666667]
[530.8, 13938.3, 77453.45, 5081.15]
[0.28932433548387093, 0.021706503225806452, 0.36517920322580644, 0.32378995806451616]
[540.95, 13476.45, 73625.0, 4947.85]
[0.3058446112903226, 0.01965325161290323, 0.34190311935483864, 0.3325990177419354]
[532.6, 13813.8, 72042.55, 4918.75]
[0.3087855, 0.020189059677419356, 0.3302051693548388, 0.3408202709677419]
[530.25, 13510.9, 75144.0, 4983.7]
[0.2710508, 0.018648443548387093, 0.35583747741935484, 0.35446327903225805]
repeat end
[714.6, 18511.55, 97503.7, 4632.85]
[0.3427792483870968, 0.02643106935483871, 0.3965015354838709, 0.23428814677419357]
[720.45, 18537.15, 98179.5, 4583.0]
[0.28071664999999996, 0.026264933333333334, 0.4124976366666666, 0.28052078]
[723.75, 18603.15, 97372.9, 4612.5]
[0.28516645499999993, 0.02705630166666667, 0.41415320333333333, 0.27362403999999996]
[718.45, 18401.35, 92290.3, 4471.9]
[0.31039780666666666, 0.02611241166666667, 0.3803765533333333, 0.28311322833333336]
[708.4, 18338.85, 93412.6, 4601.45]
[0.29365289166666664, 0.025778535, 0.39113090333333317, 0.28943767000000004]
repeat end
[911.7, 23421.85, 117471.5, 3765.1]
[0.34644773499999987, 0.032809863333333335, 0.43881468166666665, 0.18192772]
[894.65, 23351.4, 117966.3, 3795.05]
[0.3411442233333334, 0.03281955666666666, 0.4423430183333334, 0.18369320166666667]
[906.0, 23134.7, 119625.35, 3775.15]
[0.3451242683333334, 0.03210555, 0.44521735000000007, 0.17755283166666666]
[898.85, 22935.8, 115747.55, 3824.6]
[0.344939915, 0.03210252333333334, 0.42934799666666673, 0.19360956499999996]
[926.1, 24096.5, 112551.55, 3671.25]
[0.37342690999999995, 0.03484224833333334, 0.4143353533333333, 0.17739548833333335]
repeat end
[1021.35, 26443.45, 125703.1, 3010.65]
[0.4526477629032257, 0.03617015322580645, 0.4272335548387097, 0.08394852903225807]
[978.3, 25302.85, 125486.85, 3379.6]
[0.41734322096774196, 0.033923312903225804, 0.4365849129032259, 0.11214855322580645]
[994.8, 25443.5, 125350.6, 3342.45]
[0.4203551806451613, 0.0354056193548387, 0.43598672419354834, 0.10825247580645163]
[1009.95, 25929.05, 126150.75, 3241.6]
[0.43168344032258077, 0.03521482580645161, 0.4352942467741935, 0.09780748709677418]
[1001.25, 25752.1, 124791.85, 3322.1]
[0.4276689822580645, 0.03491497419354837, 0.4291930629032258, 0.10822298064516127]
repeat end
[1041.15, 26861.4, 124300.5, 3143.55]
[0.4500401177419355, 0.03684113225806451, 0.4133886370967742, 0.09973011290322581]
[1018.55, 26482.25, 123023.0, 3000.55]
[0.4150330733333333, 0.03697762833333333, 0.42299117166666667, 0.12499812666666668]
[1001.0, 25775.95, 126138.8, 3245.8]
[0.3760864516666666, 0.03609485833333334, 0.4494905166666666, 0.1383281733333333]
[987.7, 25440.5, 125377.0, 3353.1]
[0.3694966033333333, 0.03553171166666667, 0.4516834683333334, 0.14328821666666663]
[990.55, 25575.85, 125275.7, 3420.25]
[0.3662649616666667, 0.03627591333333333, 0.4492026916666667, 0.14825643333333333]
repeat end
[1047.7, 27240.6, 126018.3, 3035.95]
[0.39829046833333337, 0.03816012166666667, 0.43406365999999996, 0.12948575]
[1016.75, 25767.85, 119371.5, 2929.2]
[0.42881481666666665, 0.035332856666666676, 0.4074436033333333, 0.12840872333333334]
[945.35, 24578.5, 115124.4, 3163.0]
[0.4191705716666667, 0.03360428666666666, 0.40652191000000004, 0.14070323166666668]
[988.1, 25578.0, 116670.35, 3049.6]
[0.43043532166666665, 0.036061155, 0.40263135833333336, 0.130872165]
[1005.35, 26193.1, 118867.55, 2974.45]
[0.43278718666666666, 0.03656117166666667, 0.4096457, 0.1210059416666667]
repeat end
[992.85, 25397.9, 121270.1, 3148.6]
[0.40986965833333333, 0.035208609999999994, 0.41914625166666664, 0.13577548]
[999.75, 25647.2, 120760.8, 2774.75]
[0.44695182833333336, 0.035425773333333334, 0.41088615833333336, 0.10673624]
[970.75, 25197.8, 114672.35, 3110.9]
[0.429388815, 0.035138354999999996, 0.3988789333333334, 0.1365938966666667]
[1031.7, 26195.7, 122054.9, 3025.2]
[0.45747242903225815, 0.03518002580645162, 0.41094739516129036, 0.09640014999999999]
[829.35, 21215.8, 107176.9, 4021.6]
[0.40670635806451616, 0.029055806451612903, 0.40109047741935483, 0.16314735806451613]
repeat end
[982.75, 25264.5, 122098.6, 3310.45]
[0.43318894838709676, 0.0337426935483871, 0.4197996903225806, 0.11326866774193547]
[1044.9, 26798.85, 126328.05, 3156.35]
[0.44137285483870975, 0.03659989838709678, 0.42607136290322584, 0.09595588387096773]
[1090.0, 27994.2, 125173.35, 3035.15]
[0.451434670967742, 0.03911942096774193, 0.4166223483870968, 0.09282355967741937]
[1038.1, 26536.55, 128334.9, 3081.95]
[0.4316792451612903, 0.035296590322580645, 0.4359328064516129, 0.09709135806451615]
[867.5, 22709.65, 111732.5, 3676.1]
[0.4294165983870967, 0.03162976774193548, 0.4051204806451613, 0.13383315322580647]
repeat end
repeat end
repeat end
repeat end
repeat end
repeat end
repeat end
repeat end
repeat end
repeat end
repeat end
repeat end
repeat end
repeat end
repeat end
repeat end
repeat end
repeat end
repeat end
repeat end
repeat end
