[162.45, 32143.6]
[0.14157511451612903, 0.8584248854838711]
[165.4, 32093.9]
[0.17767264677419353, 0.8223273532258066]
[162.3, 32201.3]
[0.11277533666666666, 0.8872246633333335]
[167.45, 33958.15]
[0.12051671666666666, 0.8794832833333333]
[173.8, 33342.0]
[0.11868939999999999, 0.8813105999999999]
repeat end
[351.85, 60133.85]
[0.23052758000000004, 0.76947242]
[350.35, 57148.75]
[0.22504417999999998, 0.7749558200000001]
[350.65, 57392.25]
[0.23000872166666664, 0.7699912783333334]
[347.0, 57833.75]
[0.25973446290322577, 0.7402655370967742]
[358.25, 58780.5]
[0.24840341612903222, 0.7515965838709678]
repeat end
[555.05, 82428.2]
[0.3410684516666667, 0.6589315483333333]
[523.3, 79354.1]
[0.33412585833333336, 0.6658741416666667]
[547.15, 84092.2]
[0.34193845666666667, 0.6580615433333334]
[530.2, 80843.85]
[0.3552120816666667, 0.6447879183333335]
[525.5, 80787.75]
[0.3541509166666667, 0.6458490833333334]
repeat end
[713.9, 100412.85]
[0.46730535333333345, 0.5326946466666665]
[725.05, 101487.25]
[0.4573922935483871, 0.5426077064516128]
[729.7, 101775.75]
[0.45377740806451616, 0.5462225919354838]
[722.4, 101513.5]
[0.45213947741935484, 0.547860522580645]
[712.9, 98277.4]
[0.44275463666666665, 0.5572453633333334]
repeat end
[907.6, 118335.25]
[0.538341025, 0.461658975]
[943.25, 116780.5]
[0.5387698750000001, 0.461230125]
[896.75, 113723.35]
[0.560526365, 0.439473635]
[919.3, 119108.1]
[0.5407599166666668, 0.45924008333333327]
[890.7, 114880.2]
[0.5475322193548386, 0.45246778064516135]
repeat end
[1094.5, 127787.6]
[0.6313935870967742, 0.3686064129032259]
[1091.85, 129439.3]
[0.6212349693548387, 0.37876503064516137]
[1083.7, 125337.25]
[0.6364780283333333, 0.3635219716666668]
[1058.95, 123999.75]
[0.63847266, 0.36152734000000003]
[1101.35, 129480.55]
[0.6095099116666665, 0.3904900883333333]
repeat end
[1234.4, 135277.4]
[0.6775594216666667, 0.32244057833333334]
[1209.6, 132697.2]
[0.6829903316666666, 0.3170096683333333]
[1169.25, 124950.2]
[0.6998844083333333, 0.30011559166666657]
[1159.5, 124464.7]
[0.7063821483870969, 0.2936178516129032]
[1135.85, 121598.85]
[0.7172973387096773, 0.28270266129032257]
repeat end
[1120.2, 124012.9]
[0.7163444032258066, 0.28365559677419355]
[1174.0, 125565.85]
[0.708373505, 0.29162649500000004]
[1069.2, 122989.8]
[0.66398775, 0.33601225]
[1144.5, 125047.05]
[0.699730135, 0.3002698650000001]
[1148.6, 124905.8]
[0.7000674783333333, 0.2999325216666666]
repeat end
[1132.15, 123944.8]
[0.7023558683333334, 0.2976441316666667]
[1140.35, 120974.55]
[0.7173572366666667, 0.2826427633333334]
[1207.15, 123329.0]
[0.720067191935484, 0.27993280806451615]
[1116.85, 124064.85]
[0.7110490935483871, 0.28895090645161287]
[1282.45, 134318.15]
[0.7078898790322581, 0.29211012096774197]
repeat end
[1229.95, 129121.35]
[0.7029561499999999, 0.29704385]
[1270.2, 133283.65]
[0.6956173116666667, 0.3043826883333333]
[1231.05, 130091.3]
[0.6943260833333336, 0.3056739166666667]
[1202.05, 127415.0]
[0.6984141416666667, 0.30158585833333335]
[1277.8, 134587.1]
[0.6919668549999999, 0.30803314500000006]
repeat end
[0.05, 2306.1]
[0.031945008064516146, 0.9680549919354837]
[0.15, 2175.9]
[0.03441450483870969, 0.9655854951612902]
[0.15, 2240.4]
[0.030643372580645156, 0.9693566274193548]
[0.1, 2357.15]
[0.00953064833333333, 0.9904693516666667]
[0.15, 2342.15]
[0.004094640720667164, 0.9959053592793328]
repeat end
[0.15, 3632.6]
[0.011126163333333333, 0.9888738366666665]
[0.05, 3768.55]
[0.014447073333333333, 0.9855529266666666]
[0.05, 3765.9]
[0.011758388323454827, 0.9882416116765453]
[0.15, 3810.0]
[0.01400331333333334, 0.9859966866666667]
[0.05, 3807.7]
[0.045580804838709674, 0.9544191951612901]
repeat end
[0.2, 4693.2]
[0.04744115161290323, 0.9525588483870967]
[0.15, 5309.85]
[0.018100631666666662, 0.9818993683333332]
[0.15, 5228.9]
[0.01332880314526252, 0.9866711968547375]
[0.15, 5089.9]
[0.017654924970154213, 0.9823450750298459]
[0.15, 5121.85]
[0.0165009716132469, 0.983499028386753]
repeat end
[0.15, 6665.2]
[0.022219196666666663, 0.9777808033333333]
[0.1, 6478.05]
[0.023461583333333324, 0.9765384166666665]
[0.25, 6744.05]
[0.05710572580645161, 0.9428942741935484]
[0.2, 6630.65]
[0.05348043709677419, 0.9465195629032259]
[0.35, 6393.4]
[0.048877838709677414, 0.9511221612903226]
repeat end
[0.05, 7873.95]
[0.02913559499212718, 0.970864405007873]
[0.4, 7990.05]
[0.03084814666666667, 0.9691518533333332]
[0.25, 7400.9]
[0.03226222333333333, 0.9677377766666666]
[0.4, 7538.05]
[0.033080026666666665, 0.9669199733333332]
[0.05, 8003.25]
[0.02914138995120827, 0.9708586100487917]
repeat end
[0.6, 9137.5]
[0.035702402806393765, 0.9642975971936062]
[0.15, 8829.35]
[0.06849392096774191, 0.931506079032258]
[0.65, 8256.25]
[0.06134515322580645, 0.9386548467741935]
[0.6, 8339.05]
[0.06746040806451614, 0.932539591935484]
[0.4, 8168.5]
[0.03557273022195358, 0.9644272697780465]
repeat end
[0.25, 9634.6]
[0.03624456999999999, 0.96375543]
[0.6, 10578.35]
[0.03584510432331552, 0.9641548956766846]
[0.5, 9513.05]
[0.03935501833333334, 0.9606449816666668]
[0.25, 9376.1]
[0.04056476666666667, 0.9594352333333331]
[0.25, 9683.2]
[0.041321815, 0.9586781849999999]
repeat end
[0.45, 9986.0]
[0.07482705645161287, 0.9251729435483871]
[0.65, 9842.15]
[0.06982050483870968, 0.9301794951612905]
[0.2, 7260.4]
[0.024440864999999996, 0.9755591349999999]
[0.45, 9786.0]
[0.04063297666666667, 0.9593670233333332]
[0.25, 9731.5]
[0.042338716578850744, 0.9576612834211493]
repeat end
[0.1, 10160.45]
[0.03996499, 0.9600350099999998]
[0.4, 9365.1]
[0.03598813226340015, 0.9640118677365999]
[0.3, 9886.1]
[0.03913271, 0.9608672899999998]
[0.3, 10101.15]
[0.07077384677419356, 0.9292261532258065]
[0.2, 10468.4]
[0.07525574354838709, 0.924744256451613]
repeat end
[0.15, 10021.1]
[0.07300399193548388, 0.9269960080645161]
[0.55, 10465.6]
[0.04343724166666667, 0.9565627583333333]
[0.25, 9490.6]
[0.03880064318545246, 0.9611993568145477]
[0.15, 9884.8]
[0.03937202333333334, 0.9606279766666667]
[0.25, 10405.15]
[0.03895411325128586, 0.9610458867487142]
repeat end
