dram
1683295455,5804886539
1683295486,5907943530
package-0
1683295455,46725008313
1683295486,47565555905
package-1
1683295455,45345182866
1683295486,46153609690
-----
dram
1683295486,5909557511
1683295517,6024822280
package-0
1683295486,47580188314
1683295517,48518411803
package-1
1683295486,46167937351
1683295517,47170330171
-----
dram
1683295517,6026432039
1683295547,6128995252
package-0
1683295517,48533785177
1683295547,49371151014
package-1
1683295517,47185666618
1683295547,47995363459
-----
dram
1683295548,6130690553
1683295578,6235357716
package-0
1683295548,49386861240
1683295578,50230431834
package-1
1683295548,48010305987
1683295578,48830778313
-----
dram
1683295579,6237318013
1683295609,6341486976
package-0
1683295579,50248594019
1683295609,51108871480
package-1
1683295579,48851427064
1683295609,49694777322
-----
repeat end
dram
1683295610,6343122761
1683295640,6465821004
package-0
1683295610,51123978802
1683295640,52032940098
package-1
1683295610,49709148195
1683295640,50581303311
-----
dram
1683295641,6467473373
1683295671,6590236136
package-0
1683295641,52048130062
1683295671,52965680447
package-1
1683295641,50596175893
1683295671,51488909569
-----
dram
1683295672,6591722760
1683295702,6715345307
package-0
1683295672,52979048638
1683295702,53893154574
package-1
1683295672,51501937856
1683295702,52395057091
-----
dram
1683295702,6717001624
1683295733,6842104246
package-0
1683295702,53908118342
1683295733,54837461605
package-1
1683295702,52409563157
1683295733,53322148284
-----
dram
1683295733,6843737200
1683295764,6966152225
package-0
1683295733,54852244221
1683295764,55759946365
package-1
1683295733,53336557549
1683295764,54208297322
-----
repeat end
dram
1683295764,6967790212
1683295794,7110642196
package-0
1683295764,55774626442
1683295794,56770656668
package-1
1683295764,54222570601
1683295794,55190287850
-----
dram
1683295795,7112305704
1683295825,7253645360
package-0
1683295795,56786246045
1683295825,57762840957
package-1
1683295795,55204895357
1683295825,56148404477
-----
dram
1683295826,7255243766
1683295856,7397339196
package-0
1683295826,57777821753
1683295856,58768701663
package-1
1683295826,56162431174
1683295856,57132191998
-----
dram
1683295857,7399231347
1683295887,7546122883
package-0
1683295857,58784881187
1683295887,59820765742
package-1
1683295857,57147510684
1683295887,58206846473
-----
dram
1683295888,7548124047
1683295918,7693031448
package-0
1683295888,59838748912
1683295918,60844956480
package-1
1683295888,58226986680
1683295918,59256285986
-----
repeat end
dram
1683295919,7694977670
1683295949,7858195025
package-0
1683295919,60860964373
1683295949,61912554638
package-1
1683295919,59272774713
1683295949,60339440013
-----
dram
1683295949,7859854402
1683295980,8018847687
package-0
1683295949,61928229952
1683295980,62976420628
package-1
1683295949,60353961948
1683295980,61373572741
-----
dram
1683295980,8020440157
1683296011,8177135597
package-0
1683295980,62991596004
1683296011,64035212107
package-1
1683295980,61387556165
1683296011,62385214499
-----
dram
1683296011,8178812079
1683296042,8334680630
package-0
1683296011,64051213164
1683296042,65093637986
package-1
1683296011,62399926498
1683296042,63397836297
-----
dram
1683296042,8336335662
1683296072,8494053218
package-0
1683296042,65109203864
1683296072,66179494703
package-1
1683296042,63412495134
1683296072,64486519362
-----
repeat end
dram
1683296073,8496023766
1683296103,8669326927
package-0
1683296073,66199618309
1683296103,67318231290
package-1
1683296073,64506832847
1683296103,65603170251
-----
dram
1683296104,8671212147
1683296134,8845907593
package-0
1683296104,67333423939
1683296134,68451186825
package-1
1683296104,65619529889
1683296134,66734820003
-----
dram
1683296135,8847782317
1683296165,9024803822
package-0
1683296135,68467170853
1683296165,69570035767
package-1
1683296135,66749781024
1683296165,67893480489
-----
dram
1683296166,9026742133
1683296196,9200434450
package-0
1683296166,69586551899
1683296196,70702869293
package-1
1683296166,67910373085
1683296196,68995739202
-----
dram
1683296196,9202107796
1683296227,9375720155
package-0
1683296196,70718916432
1683296227,71848565090
package-1
1683296196,69010622099
1683296227,70129092258
-----
repeat end
dram
1683296227,9377405312
1683296258,9565385335
package-0
1683296227,71864789292
1683296258,73049760501
package-1
1683296227,70144003658
1683296258,71325237206
-----
dram
1683296258,9567396382
1683296289,9752339171
package-0
1683296258,73067446003
1683296289,74221380061
package-1
1683296258,71345552035
1683296289,72468399746
-----
dram
1683296289,9753962180
1683296319,9944629587
package-0
1683296289,74236169635
1683296319,75398083042
package-1
1683296289,72482756216
1683296319,73679110148
-----
dram
1683296320,9946611549
1683296350,10134576180
package-0
1683296320,75414390373
1683296350,76562317366
package-1
1683296320,73696332088
1683296350,74909526492
-----
dram
1683296351,10136222613
1683296381,10321220604
package-0
1683296351,76577346319
1683296381,77726658685
package-1
1683296351,74924038052
1683296381,76026958995
-----
repeat end
dram
1683296382,10322873004
1683296412,10525086204
package-0
1683296382,77741544816
1683296412,78935846080
package-1
1683296382,76041383641
1683296412,77188380094
-----
dram
1683296413,10527289358
1683296443,10733260467
package-0
1683296413,78951582246
1683296443,80162191878
package-1
1683296413,77205345078
1683296443,78402387546
-----
dram
1683296444,10734832343
1683296474,10946155438
package-0
1683296444,80176443673
1683296474,81384801358
package-1
1683296444,78416130430
1683296474,79649685134
-----
dram
1683296474,10949824455
1683296505,11157401712
package-0
1683296474,81406443515
1683296505,82590118768
package-1
1683296474,79671902911
1683296505,80908830287
-----
dram
1683296505,11161500659
1683296536,11371553150
package-0
1683296505,82612973690
1683296536,83812360513
package-1
1683296505,80931648344
1683296536,82203740729
-----
repeat end
dram
1683296536,11375689551
1683296567,11586636113
package-0
1683296536,83835290569
1683296567,85032277861
package-1
1683296536,82227678229
1683296567,83507675868
-----
dram
1683296567,11590512154
1683296597,11801650364
package-0
1683296567,85053143713
1683296597,86258858522
package-1
1683296567,83532220666
1683296597,84791828342
-----
dram
1683296598,11805193767
1683296628,12006931764
package-0
1683296598,86280749762
1683296628,87462419039
package-1
1683296598,84813954994
1683296628,86041703682
-----
dram
1683296629,12009596045
1683296659,12218364897
package-0
1683296629,87480435778
1683296659,88688340095
package-1
1683296629,86062240739
1683296659,87317766578
-----
dram
1683296660,12222368509
1683296690,12431571988
package-0
1683296660,88711250132
1683296690,89926862743
package-1
1683296660,87340847634
1683296690,88582651523
-----
repeat end
dram
1683296691,12435182604
1683296721,12647757836
package-0
1683296691,89947991168
1683296721,91165854139
package-1
1683296691,88603985575
1683296721,89893883335
-----
dram
1683296722,12651683281
1683296752,12868924431
package-0
1683296722,91187528278
1683296752,92406196117
package-1
1683296722,89916131569
1683296752,91260571975
-----
dram
1683296752,12872037660
1683296783,13089604501
package-0
1683296752,92426687398
1683296783,93694206065
package-1
1683296752,91281540549
1683296783,92577041871
-----
dram
1683296783,13093411111
1683296814,13306806560
package-0
1683296783,93716880872
1683296814,94930297322
package-1
1683296783,92601300598
1683296814,93910286871
-----
dram
1683296814,13310325499
1683296845,13523161902
package-0
1683296814,94952526085
1683296845,96215885217
package-1
1683296814,93932696543
1683296845,95140593292
-----
repeat end
dram
1683296845,13526930659
1683296875,13741062054
package-0
1683296845,96239126429
1683296875,97513114013
package-1
1683296845,95162136511
1683296875,96418344965
-----
dram
1683296876,13743545733
1683296906,13955193999
package-0
1683296876,97532650218
1683296906,98805694017
package-1
1683296876,96440235290
1683296906,97656905454
-----
dram
1683296907,13958564926
1683296937,14168617295
package-0
1683296907,98828003286
1683296937,100052244475
package-1
1683296907,97680017638
1683296937,98909020718
-----
dram
1683296938,14171656303
1683296968,14382824119
package-0
1683296938,100071279705
1683296968,101314362887
package-1
1683296938,98929253454
1683296968,100196561367
-----
dram
1683296969,14384934922
1683296999,14593510642
package-0
1683296969,101331064993
1683296999,102587750863
package-1
1683296969,100211977465
1683296999,101385133580
-----
repeat end
dram
1683295455,4841680501
1683295486,4920946711
package-0
1683295455,42594616909
1683295486,43372043691
package-1
1683295455,45168464202
1683295486,45992899591
-----
dram
1683295486,4922432830
1683295517,5001729471
package-0
1683295486,43386525282
1683295517,44163313516
package-1
1683295486,46008522171
1683295517,46824290468
-----
dram
1683295517,5003173990
1683295548,5082593888
package-0
1683295517,44177351993
1683295548,44955514857
package-1
1683295517,46838957972
1683295548,47660412290
-----
dram
1683295548,5084126306
1683295578,5163768773
package-0
1683295548,44970355578
1683295578,45746995619
package-1
1683295548,47676310138
1683295578,48507875087
-----
dram
1683295579,5165312895
1683295609,5244461722
package-0
1683295579,45762081029
1683295609,46534824168
package-1
1683295579,48523813095
1683295609,49355542411
-----
repeat end
dram
1683295610,5245965835
1683295640,5325574841
package-0
1683295610,46549630710
1683295640,47328665337
package-1
1683295610,49371765758
1683295640,50206449901
-----
dram
1683295641,5327139036
1683295671,5407742328
package-0
1683295641,47343691177
1683295671,48128547505
package-1
1683295641,50222593292
1683295671,51057191558
-----
dram
1683295672,5409057455
1683295702,5488903993
package-0
1683295672,48141461657
1683295702,48927703052
package-1
1683295672,51070837397
1683295702,51895535054
-----
dram
1683295703,5490411579
1683295733,5571011428
package-0
1683295703,48942575146
1683295733,49728374831
package-1
1683295703,51911342570
1683295733,52741627554
-----
dram
1683295733,5572565739
1683295764,5652882309
package-0
1683295733,49743553808
1683295764,50529873939
package-1
1683295733,52757682566
1683295764,53589981278
-----
repeat end
dram
1683295764,5654352318
1683295795,5734247464
package-0
1683295764,50544297364
1683295795,51338057661
package-1
1683295764,53605540320
1683295795,54433935722
-----
dram
1683295795,5735741861
1683295825,5815746464
package-0
1683295795,51352738959
1683295825,52138397897
package-1
1683295795,54449517225
1683295825,55286387763
-----
dram
1683295826,5817219441
1683295856,5896963576
package-0
1683295826,52152815096
1683295856,52943387718
package-1
1683295826,55301832242
1683295856,56138060815
-----
dram
1683295857,5898428842
1683295887,5979539635
package-0
1683295857,52957846483
1683295887,53749588841
package-1
1683295857,56153757430
1683295887,56988755658
-----
dram
1683295888,5981047113
1683295918,6060943116
package-0
1683295888,53764279416
1683295918,54553892263
package-1
1683295888,57004375125
1683295918,57842071711
-----
repeat end
dram
1683295919,6062506991
1683295949,6143486050
package-0
1683295919,54569001721
1683295949,55365681505
package-1
1683295919,57858006241
1683295949,58700161128
-----
dram
1683295950,6144918452
1683295980,6225521529
package-0
1683295950,55379728771
1683295980,56173317316
package-1
1683295950,58715246111
1683295980,59552567393
-----
dram
1683295980,6226999111
1683296011,6308160119
package-0
1683295980,56187661945
1683296011,56979419012
package-1
1683295980,59567724825
1683296011,60409121841
-----
dram
1683296011,6309685926
1683296042,6388695846
package-0
1683296011,56994276152
1683296042,57782050685
package-1
1683296011,60424875646
1683296042,61270439826
-----
dram
1683296042,6390176855
1683296073,6472386417
package-0
1683296042,57796502675
1683296073,58595469807
package-1
1683296042,61286252103
1683296073,62125944961
-----
repeat end
dram
1683296073,6473827035
1683296103,6556057894
package-0
1683296073,58609549483
1683296103,59415667841
package-1
1683296073,62141237219
1683296103,62984082412
-----
dram
1683296104,6557485706
1683296134,6640785653
package-0
1683296104,59429754963
1683296134,60233800146
package-1
1683296104,62999077430
1683296134,63841741838
-----
dram
1683296135,6642250659
1683296165,6724262254
package-0
1683296135,60248205932
1683296165,61056519720
package-1
1683296135,63856779885
1683296165,64695610623
-----
dram
1683296166,6725831820
1683296196,6805084152
package-0
1683296166,61072128017
1683296196,61869673705
package-1
1683296166,64712154404
1683296196,65556352377
-----
dram
1683296197,6806668100
1683296227,6887961957
package-0
1683296197,61884949179
1683296227,62690955355
package-1
1683296197,65572727397
1683296227,66419098155
-----
repeat end
dram
1683296228,6889518931
1683296258,6973892892
package-0
1683296228,62706866874
1683296258,63522469706
package-1
1683296228,66435178253
1683296258,67280518252
-----
dram
1683296258,6975378171
1683296289,7056445634
package-0
1683296258,63537152774
1683296289,64343692762
package-1
1683296258,67296415001
1683296289,68146099044
-----
dram
1683296289,7057938546
1683296320,7138465430
package-0
1683296289,64358544592
1683296320,65171614532
package-1
1683296289,68161701176
1683296320,69010079193
-----
dram
1683296320,7140027254
1683296351,7219906412
package-0
1683296320,65187044790
1683296351,66002810707
package-1
1683296320,69026566699
1683296351,69869500638
-----
dram
1683296351,7221415573
1683296381,7300977501
package-0
1683296351,66018204650
1683296381,66839321993
package-1
1683296351,69885311266
1683296381,70728401027
-----
repeat end
dram
1683296382,7302482883
1683296412,7383362126
package-0
1683296382,66854433344
1683296412,67665562737
package-1
1683296382,70744355942
1683296412,71600370657
-----
dram
1683296413,7384856722
1683296443,7466260448
package-0
1683296413,67680874710
1683296443,68496265567
package-1
1683296413,71616200512
1683296443,72469722558
-----
dram
1683296444,7467761807
1683296474,7549710626
package-0
1683296444,68511830834
1683296474,69343932586
package-1
1683296444,72485550947
1683296474,73325789092
-----
dram
1683296475,7551266805
1683296505,7633722911
package-0
1683296475,69359557668
1683296505,70181262657
package-1
1683296475,73341838855
1683296505,74188199054
-----
dram
1683296506,7635186524
1683296536,7717345551
package-0
1683296506,70195734360
1683296536,71022532293
package-1
1683296506,74203391032
1683296536,75040046422
-----
repeat end
dram
1683296536,7718829589
1683296567,7799736127
package-0
1683296536,71037360807
1683296567,71856640753
package-1
1683296536,75055574153
1683296567,75901278836
-----
dram
1683296567,7801237011
1683296598,7880826494
package-0
1683296567,71871191802
1683296598,72679954319
package-1
1683296567,75916850024
1683296598,76773761954
-----
dram
1683296598,7882371213
1683296628,7963329740
package-0
1683296598,72695197566
1683296628,73517601711
package-1
1683296598,76789588086
1683296628,77623943494
-----
dram
1683296629,7964872837
1683296659,8045368585
package-0
1683296629,73533146776
1683296659,74357552808
package-1
1683296629,77639804964
1683296659,78488591793
-----
dram
1683296660,8046818229
1683296690,8126857104
package-0
1683296660,74371737037
1683296690,75193681527
package-1
1683296660,78503900103
1683296690,79352681378
-----
repeat end
dram
1683296691,8128365791
1683296721,8207438639
package-0
1683296691,75208648590
1683296721,76023038229
package-1
1683296691,79368572816
1683296721,80219701192
-----
dram
1683296722,8208924284
1683296752,8290427507
package-0
1683296722,76037790450
1683296752,76855231411
package-1
1683296722,80235597086
1683296752,81088192865
-----
dram
1683296753,8292003284
1683296783,8372760479
package-0
1683296753,76871435532
1683296783,77694418777
package-1
1683296753,81104420790
1683296783,81955070834
-----
dram
1683296783,8374302489
1683296814,8453638620
package-0
1683296783,77709992712
1683296814,78530709849
package-1
1683296783,81971597464
1683296814,82819796830
-----
dram
1683296814,8455164856
1683296845,8534692374
package-0
1683296814,78545995577
1683296845,79368573061
package-1
1683296814,82835572486
1683296845,83684795104
-----
repeat end
dram
1683296845,8536192539
1683296876,8616442416
package-0
1683296845,79383847313
1683296876,80203191712
package-1
1683296845,83700382772
1683296876,84551598183
-----
dram
1683296876,8617911323
1683296906,8697025420
package-0
1683296876,80217783106
1683296906,81027600857
package-1
1683296876,84567163207
1683296906,85424818604
-----
dram
1683296907,8698528538
1683296937,8779463549
package-0
1683296907,81042828418
1683296937,81875807975
package-1
1683296907,85440845785
1683296937,86283896849
-----
dram
1683296938,8780954105
1683296968,8860652218
package-0
1683296938,81890798232
1683296968,82715136698
package-1
1683296938,86299986529
1683296968,87147965987
-----
dram
1683296969,8862000057
1683296999,8941063174
package-0
1683296969,82728536749
1683296999,83546134265
package-1
1683296969,87161922189
1683296999,88016620563
-----
repeat end
