dram
1678459978,9565644593
1678460008,9677445029
package-0
1678459978,30286750102
1678460008,31200301047
package-1
1678459978,190242746741
1678460008,191110984753
-----
dram
1678460008,9678363105
1678460039,9831978930
package-0
1678460008,31208222780
1678460039,32282195067
package-1
1678460008,191118814933
1678460039,192063175980
-----
dram
1678460039,9833899539
1678460069,9962924363
package-0
1678460039,32294508756
1678460069,33287774158
package-1
1678460039,192072948050
1678460069,192976815060
-----
dram
1678460069,9963844030
1678460100,10073861434
package-0
1678460069,33296227078
1678460100,34208826731
package-1
1678460069,192984921972
1678460100,193857356262
-----
dram
1678460100,10074746172
1678460130,10194549471
package-0
1678460100,34216701894
1678460130,35166829284
package-1
1678460100,193865159404
1678460130,194756019978
-----
repeat end
dram
1678460130,10195465574
1678460161,10328266667
package-0
1678460130,35175554115
1678460161,36230049035
package-1
1678460130,194764240110
1678460161,195744317069
-----
dram
1678460161,10329199218
1678460191,10466553514
package-0
1678460161,36238193851
1678460191,37320948403
package-1
1678460161,195752487214
1678460191,196742832030
-----
dram
1678460191,10467488421
1678460221,10605217873
package-0
1678460191,37329060443
1678460221,38411561273
package-1
1678460191,196750994485
1678460221,197750612226
-----
dram
1678460222,10606176739
1678460252,10748224372
package-0
1678460222,38420011690
1678460252,39520659385
package-1
1678460222,197758812888
1678460252,198759669091
-----
dram
1678460252,10749163792
1678460282,10879704601
package-0
1678460252,39529306031
1678460282,40587875770
package-1
1678460252,198768047304
1678460282,199745224307
-----
repeat end
dram
1678460283,10880727804
1678460313,11036635599
package-0
1678460283,40597382886
1678460313,41811830400
package-1
1678460283,199753853374
1678460313,200847629688
-----
dram
1678460313,11037582883
1678460343,11192317169
package-0
1678460313,41820007930
1678460343,43022147004
package-1
1678460313,200855844023
1678460343,201944863696
-----
dram
1678460344,11193548712
1678460374,11353420034
package-0
1678460344,43032560551
1678460374,44264907128
package-1
1678460344,201954534142
1678460374,203056122631
-----
dram
1678460374,11354308367
1678460404,11522831472
package-0
1678460374,44273190127
1678460404,45539901911
package-1
1678460374,203064052786
1678460404,204176142163
-----
dram
1678460405,11523796412
1678460435,11690691994
package-0
1678460405,45548916597
1678460435,46810906225
package-1
1678460405,204184438040
1678460435,205293204672
-----
repeat end
dram
1678460435,11692218521
1678460465,11891150514
package-0
1678460435,46822238655
1678460465,48321332840
package-1
1678460435,205302747739
1678460465,206534246051
-----
dram
1678460466,11892704733
1678460496,12090567837
package-0
1678460466,48332818589
1678460496,49830190183
package-1
1678460466,206544503959
1678460496,207774661332
-----
dram
1678460496,12092191075
1678460526,12281203007
package-0
1678460496,49842134916
1678460526,51265266770
package-1
1678460496,207783987724
1678460526,209002423387
-----
dram
1678460527,12282130431
1678460557,12453101016
package-0
1678460527,51273890589
1678460557,52606976287
package-1
1678460527,209010796168
1678460557,210189137512
-----
dram
1678460557,12454047887
1678460587,12636592019
package-0
1678460557,52615680428
1678460587,54001943541
package-1
1678460557,210197683877
1678460587,211409522388
-----
repeat end
dram
1678460588,12638423796
1678460618,12845582751
package-0
1678460588,54014233000
1678460618,55575375365
package-1
1678460588,211419391748
1678460618,212740517272
-----
dram
1678460618,12847473586
1678460648,13054688586
package-0
1678460618,55588036649
1678460648,57155268965
package-1
1678460618,212750889072
1678460648,214082656475
-----
dram
1678460649,13055648814
1678460679,13242611402
package-0
1678460649,57164597005
1678460679,58627866513
package-1
1678460649,214090933920
1678460679,215372723485
-----
dram
1678460679,13243543524
1678460709,13432805640
package-0
1678460679,58637645907
1678460709,60110761399
package-1
1678460679,215381120497
1678460709,216662917753
-----
dram
1678460710,13434151520
1678460740,13632133459
package-0
1678460710,60121200947
1678460740,61627966682
package-1
1678460710,216672464909
1678460740,217968767560
-----
repeat end
dram
1678460740,13633939027
1678460770,13838700916
package-0
1678460740,61639958290
1678460770,63210189988
package-1
1678460740,217978487750
1678460770,219344804930
-----
dram
1678460771,13840639809
1678460801,14049928142
package-0
1678460771,63222290054
1678460801,64826907712
package-1
1678460771,219354538853
1678460801,220746433239
-----
dram
1678460801,14051297216
1678460831,14264658975
package-0
1678460801,64838247404
1678460831,66501677167
package-1
1678460801,220755794971
1678460831,222172792686
-----
dram
1678460832,14266467864
1678460862,14477043569
package-0
1678460832,66514146739
1678460862,68141612849
package-1
1678460832,222182714047
1678460862,223587317507
-----
dram
1678460862,14478567327
1678460892,14682637824
package-0
1678460862,68152990933
1678460892,69775663414
package-1
1678460862,223596780373
1678460892,224985268335
-----
repeat end
dram
1678460893,14684648305
1678460923,14893473553
package-0
1678460893,69790202073
1678460923,71484445600
package-1
1678460893,224996451229
1678460923,226433239177
-----
dram
1678460923,14894416385
1678460953,15111020489
package-0
1678460923,71494334246
1678460953,73248797406
package-1
1678460923,226441911090
1678460953,227882680229
-----
dram
1678460954,15112385218
1678460984,15336463862
package-0
1678460954,73259970412
1678460984,75044356592
package-1
1678460954,227892247771
1678460984,229355717535
-----
dram
1678460984,15337633119
1678461014,15548978720
package-0
1678460984,75055412166
1678461014,76721107304
package-1
1678460984,229365284588
1678461014,230829899613
-----
dram
1678461015,15549934848
1678461045,15761225446
package-0
1678461015,76730528972
1678461045,78385277360
package-1
1678461015,230838529779
1678461045,232274243816
-----
repeat end
dram
1678461045,15762227106
1678461075,15990768378
package-0
1678461045,78395109427
1678461075,80194987876
package-1
1678461045,232283508319
1678461075,233806737390
-----
dram
1678461076,15992458247
1678461106,16219735402
package-0
1678461076,80207807179
1678461106,82061271306
package-1
1678461076,233818625360
1678461106,235285515221
-----
dram
1678461106,16222024940
1678461136,16453494861
package-0
1678461106,82079066610
1678461136,83936041409
package-1
1678461106,235299210437
1678461136,236820495849
-----
dram
1678461136,16455864601
1678461167,16688076924
package-0
1678461136,83954511699
1678461167,85832334528
package-1
1678461136,236835535117
1678461167,238331809790
-----
dram
1678461167,16690549741
1678461197,16920529304
package-0
1678461167,85851063606
1678461197,87711243415
package-1
1678461167,238348314936
1678461197,239876891345
-----
repeat end
dram
1678461197,16922780469
1678461228,17158260796
package-0
1678461197,87729132102
1678461228,89621734068
package-1
1678461197,239890189224
1678461228,241473616811
-----
dram
1678461228,17160694154
1678461258,17390602419
package-0
1678461228,89640906810
1678461258,91555412712
package-1
1678461228,241490479439
1678461258,243044303403
-----
dram
1678461258,17392960394
1678461289,17624123060
package-0
1678461258,91574204839
1678461289,93491004680
package-1
1678461258,243058500388
1678461289,244613424203
-----
dram
1678461289,17626453357
1678461319,17856749187
package-0
1678461289,93510234673
1678461319,95405210901
package-1
1678461289,244628947539
1678461319,246255201189
-----
dram
1678461319,17859088342
1678461349,18087969840
package-0
1678461319,95424602025
1678461349,97355487951
package-1
1678461319,246268906110
1678461349,247794807782
-----
repeat end
dram
1678461350,18090215972
1678461380,18322170015
package-0
1678461350,97374640124
1678461380,99294273149
package-1
1678461350,247809179205
1678461380,249400229514
-----
dram
1678461380,18324603725
1678461410,18557639249
package-0
1678461380,99312804596
1678461410,101222012599
package-1
1678461380,249416289104
1678461410,251030486022
-----
dram
1678461411,18560110383
1678461441,18795853792
package-0
1678461411,101241507239
1678461441,103141662104
package-1
1678461411,251048405715
1678461441,252672888678
-----
dram
1678461441,18798241617
1678461471,19032656559
package-0
1678461441,103160820624
1678461471,105064395829
package-1
1678461441,252688698269
1678461471,254280266460
-----
dram
1678461472,19034971020
1678461502,19259524163
package-0
1678461472,105083240690
1678461502,106847416167
package-1
1678461472,254294858341
1678461502,255797463503
-----
repeat end
dram
1678459978,9565644593
1678460008,9677445029
package-0
1678459978,30286750102
1678460008,31200301047
package-1
1678459978,190242746741
1678460008,191110984753
-----
dram
1678460008,9678363105
1678460039,9831978930
package-0
1678460008,31208222780
1678460039,32282195067
package-1
1678460008,191118814933
1678460039,192063175980
-----
dram
1678460039,9833899539
1678460069,9962924363
package-0
1678460039,32294508756
1678460069,33287774158
package-1
1678460039,192072948050
1678460069,192976815060
-----
dram
1678460069,9963844030
1678460100,10073861434
package-0
1678460069,33296227078
1678460100,34208826731
package-1
1678460069,192984921972
1678460100,193857356262
-----
dram
1678460100,10074746172
1678460130,10194549471
package-0
1678460100,34216701894
1678460130,35166829284
package-1
1678460100,193865159404
1678460130,194756019978
-----
repeat end
dram
1678460130,10195465574
1678460161,10328266667
package-0
1678460130,35175554115
1678460161,36230049035
package-1
1678460130,194764240110
1678460161,195744317069
-----
dram
1678460161,10329199218
1678460191,10466553514
package-0
1678460161,36238193851
1678460191,37320948403
package-1
1678460161,195752487214
1678460191,196742832030
-----
dram
1678460191,10467488421
1678460221,10605217873
package-0
1678460191,37329060443
1678460221,38411561273
package-1
1678460191,196750994485
1678460221,197750612226
-----
dram
1678460222,10606176739
1678460252,10748224372
package-0
1678460222,38420011690
1678460252,39520659385
package-1
1678460222,197758812888
1678460252,198759669091
-----
dram
1678460252,10749163792
1678460282,10879704601
package-0
1678460252,39529306031
1678460282,40587875770
package-1
1678460252,198768047304
1678460282,199745224307
-----
repeat end
dram
1678460283,10880727804
1678460313,11036635599
package-0
1678460283,40597382886
1678460313,41811830400
package-1
1678460283,199753853374
1678460313,200847629688
-----
dram
1678460313,11037582883
1678460343,11192317169
package-0
1678460313,41820007930
1678460343,43022147004
package-1
1678460313,200855844023
1678460343,201944863696
-----
dram
1678460344,11193548712
1678460374,11353420034
package-0
1678460344,43032560551
1678460374,44264907128
package-1
1678460344,201954534142
1678460374,203056122631
-----
dram
1678460374,11354308367
1678460404,11522831472
package-0
1678460374,44273190127
1678460404,45539901911
package-1
1678460374,203064052786
1678460404,204176142163
-----
dram
1678460405,11523796412
1678460435,11690691994
package-0
1678460405,45548916597
1678460435,46810906225
package-1
1678460405,204184438040
1678460435,205293204672
-----
repeat end
dram
1678460435,11692218521
1678460465,11891150514
package-0
1678460435,46822238655
1678460465,48321332840
package-1
1678460435,205302747739
1678460465,206534246051
-----
dram
1678460466,11892704733
1678460496,12090567837
package-0
1678460466,48332818589
1678460496,49830190183
package-1
1678460466,206544503959
1678460496,207774661332
-----
dram
1678460496,12092191075
1678460526,12281203007
package-0
1678460496,49842134916
1678460526,51265266770
package-1
1678460496,207783987724
1678460526,209002423387
-----
dram
1678460527,12282130431
1678460557,12453101016
package-0
1678460527,51273890589
1678460557,52606976287
package-1
1678460527,209010796168
1678460557,210189137512
-----
dram
1678460557,12454047887
1678460587,12636592019
package-0
1678460557,52615680428
1678460587,54001943541
package-1
1678460557,210197683877
1678460587,211409522388
-----
repeat end
dram
1678460588,12638423796
1678460618,12845582751
package-0
1678460588,54014233000
1678460618,55575375365
package-1
1678460588,211419391748
1678460618,212740517272
-----
dram
1678460618,12847473586
1678460648,13054688586
package-0
1678460618,55588036649
1678460648,57155268965
package-1
1678460618,212750889072
1678460648,214082656475
-----
dram
1678460649,13055648814
1678460679,13242611402
package-0
1678460649,57164597005
1678460679,58627866513
package-1
1678460649,214090933920
1678460679,215372723485
-----
dram
1678460679,13243543524
1678460709,13432805640
package-0
1678460679,58637645907
1678460709,60110761399
package-1
1678460679,215381120497
1678460709,216662917753
-----
dram
1678460710,13434151520
1678460740,13632133459
package-0
1678460710,60121200947
1678460740,61627966682
package-1
1678460710,216672464909
1678460740,217968767560
-----
repeat end
dram
1678460740,13633939027
1678460770,13838700916
package-0
1678460740,61639958290
1678460770,63210189988
package-1
1678460740,217978487750
1678460770,219344804930
-----
dram
1678460771,13840639809
1678460801,14049928142
package-0
1678460771,63222290054
1678460801,64826907712
package-1
1678460771,219354538853
1678460801,220746433239
-----
dram
1678460801,14051297216
1678460831,14264658975
package-0
1678460801,64838247404
1678460831,66501677167
package-1
1678460801,220755794971
1678460831,222172792686
-----
dram
1678460832,14266467864
1678460862,14477043569
package-0
1678460832,66514146739
1678460862,68141612849
package-1
1678460832,222182714047
1678460862,223587317507
-----
dram
1678460862,14478567327
1678460892,14682637824
package-0
1678460862,68152990933
1678460892,69775663414
package-1
1678460862,223596780373
1678460892,224985268335
-----
repeat end
dram
1678460893,14684648305
1678460923,14893473553
package-0
1678460893,69790202073
1678460923,71484445600
package-1
1678460893,224996451229
1678460923,226433239177
-----
dram
1678460923,14894416385
1678460953,15111020489
package-0
1678460923,71494334246
1678460953,73248797406
package-1
1678460923,226441911090
1678460953,227882680229
-----
dram
1678460954,15112385218
1678460984,15336463862
package-0
1678460954,73259970412
1678460984,75044356592
package-1
1678460954,227892247771
1678460984,229355717535
-----
dram
1678460984,15337633119
1678461014,15548978720
package-0
1678460984,75055412166
1678461014,76721107304
package-1
1678460984,229365284588
1678461014,230829899613
-----
dram
1678461015,15549934848
1678461045,15761225446
package-0
1678461015,76730528972
1678461045,78385277360
package-1
1678461015,230838529779
1678461045,232274243816
-----
repeat end
dram
1678461045,15762227106
1678461075,15990768378
package-0
1678461045,78395109427
1678461075,80194987876
package-1
1678461045,232283508319
1678461075,233806737390
-----
dram
1678461076,15992458247
1678461106,16219735402
package-0
1678461076,80207807179
1678461106,82061271306
package-1
1678461076,233818625360
1678461106,235285515221
-----
dram
1678461106,16222024940
1678461136,16453494861
package-0
1678461106,82079066610
1678461136,83936041409
package-1
1678461106,235299210437
1678461136,236820495849
-----
dram
1678461136,16455864601
1678461167,16688076924
package-0
1678461136,83954511699
1678461167,85832334528
package-1
1678461136,236835535117
1678461167,238331809790
-----
dram
1678461167,16690549741
1678461197,16920529304
package-0
1678461167,85851063606
1678461197,87711243415
package-1
1678461167,238348314936
1678461197,239876891345
-----
repeat end
dram
1678461197,16922780469
1678461228,17158260796
package-0
1678461197,87729132102
1678461228,89621734068
package-1
1678461197,239890189224
1678461228,241473616811
-----
dram
1678461228,17160694154
1678461258,17390602419
package-0
1678461228,89640906810
1678461258,91555412712
package-1
1678461228,241490479439
1678461258,243044303403
-----
dram
1678461258,17392960394
1678461289,17624123060
package-0
1678461258,91574204839
1678461289,93491004680
package-1
1678461258,243058500388
1678461289,244613424203
-----
dram
1678461289,17626453357
1678461319,17856749187
package-0
1678461289,93510234673
1678461319,95405210901
package-1
1678461289,244628947539
1678461319,246255201189
-----
dram
1678461319,17859088342
1678461349,18087969840
package-0
1678461319,95424602025
1678461349,97355487951
package-1
1678461319,246268906110
1678461349,247794807782
-----
repeat end
dram
1678461350,18090215972
1678461380,18322170015
package-0
1678461350,97374640124
1678461380,99294273149
package-1
1678461350,247809179205
1678461380,249400229514
-----
dram
1678461380,18324603725
1678461410,18557639249
package-0
1678461380,99312804596
1678461410,101222012599
package-1
1678461380,249416289104
1678461410,251030486022
-----
dram
1678461411,18560110383
1678461441,18795853792
package-0
1678461411,101241507239
1678461441,103141662104
package-1
1678461411,251048405715
1678461441,252672888678
-----
dram
1678461441,18798241617
1678461471,19032656559
package-0
1678461441,103160820624
1678461471,105064395829
package-1
1678461441,252688698269
1678461471,254280266460
-----
dram
1678461472,19034971020
1678461502,19259524163
package-0
1678461472,105083240690
1678461502,106847416167
package-1
1678461472,254294858341
1678461502,255797463503
-----
repeat end
