[14.5, 16877.35]
[0.08803277000000001, 0.9119672299999999]
[12.4, 16390.55]
[0.09276380333333333, 0.9072361966666666]
[12.55, 15742.5]
[0.11542723225806453, 0.8845727677419356]
[13.3, 16316.85]
[0.1190951048387097, 0.8809048951612904]
[12.4, 16215.15]
[0.11540880000000002, 0.8845911999999998]
repeat end
[30.1, 30689.15]
[0.17986061333333334, 0.8201393866666666]
[31.35, 29873.95]
[0.17854541166666668, 0.8214545883333335]
[28.35, 30242.85]
[0.17689473500000003, 0.823105265]
[30.85, 29934.65]
[0.17712931333333332, 0.8228706866666669]
[31.85, 30110.6]
[0.17891750333333334, 0.8210824966666666]
repeat end
[50.15, 42611.5]
[0.28210928548387093, 0.7178907145161292]
[51.7, 42350.2]
[0.2849367403225806, 0.7150632596774193]
[50.25, 41870.7]
[0.260749145, 0.739250855]
[48.55, 42255.95]
[0.26179906, 0.7382009399999998]
[52.4, 42571.5]
[0.26154046000000003, 0.7384595399999999]
repeat end
[72.7, 53292.05]
[0.3389758966666666, 0.6610241033333332]
[73.25, 53752.35]
[0.3373236433333333, 0.6626763566666666]
[70.25, 53628.05]
[0.3620293435483871, 0.637970656451613]
[70.6, 53502.2]
[0.3593167967741936, 0.6406832032258064]
[71.65, 53247.85]
[0.35945167258064514, 0.6405483274193549]
repeat end
[95.8, 64025.6]
[0.4171957483333334, 0.5828042516666667]
[95.7, 63012.6]
[0.41112246500000005, 0.588877535]
[95.3, 63587.15]
[0.41563919666666677, 0.5843608033333334]
[90.4, 63042.35]
[0.4116629716666666, 0.5883370283333333]
[93.7, 63438.75]
[0.4137887383333334, 0.5862112616666667]
repeat end
[118.75, 72034.45]
[0.47874261666666673, 0.5212573833333334]
[122.45, 72657.75]
[0.49691369838709676, 0.5030863016129032]
[115.5, 72363.05]
[0.49818297580645166, 0.5018170241935483]
[115.15, 72462.4]
[0.49584053225806446, 0.5041594677419355]
[115.75, 72233.35]
[0.47892819499999995, 0.521071805]
repeat end
[141.1, 78960.35]
[0.5378598383333333, 0.46214016166666677]
[138.9, 78973.75]
[0.5373545083333333, 0.4626454916666667]
[140.4, 79231.1]
[0.5375827516666666, 0.4624172483333334]
[134.8, 79197.8]
[0.5371634366666667, 0.4628365633333333]
[118.55, 73270.0]
[0.48153799833333333, 0.5184620016666669]
repeat end
[143.3, 80379.0]
[0.566263670967742, 0.433736329032258]
[145.15, 80456.2]
[0.5688552612903226, 0.43114473870967746]
[142.7, 80229.8]
[0.5492723366666666, 0.45072766333333336]
[147.35, 80829.4]
[0.5555782366666667, 0.44442176333333333]
[143.3, 80672.6]
[0.5525541783333334, 0.44744582166666663]
repeat end
[137.0, 80468.6]
[0.5493635466666668, 0.45063645333333324]
[144.6, 80220.0]
[0.5556272766666666, 0.44437272333333333]
[147.0, 80419.6]
[0.5701408758064516, 0.42985912419354844]
[143.55, 80090.25]
[0.5640972500000001, 0.4359027499999999]
[139.45, 79312.1]
[0.5592273532258065, 0.44077264677419353]
repeat end
[117.5, 73336.1]
[0.48642402166666665, 0.5135759783333333]
[139.55, 79978.0]
[0.5524368333333334, 0.44756316666666673]
[142.55, 80704.1]
[0.553289475, 0.44671052500000014]
[141.6, 80147.7]
[0.5479010233333333, 0.45209897666666665]
[143.1, 79968.65]
[0.55085835, 0.44914164999999995]
repeat end
[167.85, 37298.2]
[0.07302668500000001, 0.926973315]
[174.5, 36782.1]
[0.08969873166666666, 0.9103012683333332]
[173.45, 34579.3]
[0.06595934833333335, 0.9340406516666665]
[174.1, 35877.6]
[0.10620440322580646, 0.8937955967741935]
[173.4, 35616.55]
[0.09936949999999997, 0.9006304999999999]
repeat end
[360.65, 69306.1]
[0.14745676333333332, 0.8525432366666668]
[346.2, 67748.55]
[0.13890560166666663, 0.8610943983333333]
[349.8, 69394.2]
[0.148175375, 0.8518246250000001]
[352.5, 67183.75]
[0.14554731499999998, 0.8544526849999998]
[351.6, 68341.3]
[0.14274551666666666, 0.8572544833333332]
repeat end
[530.3, 97243.75]
[0.21697930666666662, 0.7830206933333332]
[544.9, 97487.25]
[0.23763891612903226, 0.7623610838709678]
[528.55, 95424.6]
[0.2524903338709677, 0.7475096661290321]
[538.05, 97277.95]
[0.226473025, 0.7735269749999999]
[534.7, 97543.45]
[0.23450349833333334, 0.7654965016666667]
repeat end
[725.8, 122488.2]
[0.29940076000000004, 0.7005992399999998]
[741.95, 126813.05]
[0.28283615, 0.71716385]
[717.4, 125529.9]
[0.2774717083333334, 0.7225282916666665]
[715.9, 124620.2]
[0.2935360283333333, 0.7064639716666667]
[717.2, 123690.45]
[0.2982770612903226, 0.7017229387096774]
repeat end
[926.05, 149930.4]
[0.3662575225806451, 0.6337424774193547]
[929.2, 148781.5]
[0.35449209833333334, 0.6455079016666667]
[916.55, 145133.9]
[0.3782107533333333, 0.6217892466666667]
[905.85, 147373.35]
[0.354378855, 0.645621145]
[908.2, 149947.3]
[0.3408436933333333, 0.6591563066666668]
repeat end
[1135.85, 169854.95]
[0.41057106, 0.58942894]
[1122.0, 172398.35]
[0.40065745666666663, 0.5993425433333334]
[1112.8, 163649.8]
[0.46062479354838715, 0.539375206451613]
[1120.75, 168212.3]
[0.43614807258064514, 0.563851927419355]
[1125.6, 171440.65]
[0.4212837499999999, 0.5787162499999999]
repeat end
[1319.9, 187454.5]
[0.4778031951612903, 0.5221968048387096]
[1302.1, 186811.55]
[0.45569084500000007, 0.544309155]
[1305.95, 178874.05]
[0.4940051383333334, 0.5059948616666666]
[1267.35, 173886.5]
[0.50901615, 0.49098385]
[1107.8, 161488.15]
[0.45661080499999995, 0.543389195]
repeat end
[1303.65, 176129.5]
[0.5190236266666666, 0.4809763733333333]
[1327.3, 181215.55]
[0.5237747612903226, 0.47622523870967753]
[1303.05, 179806.85]
[0.5208374564516131, 0.47916254354838694]
[1311.45, 179881.6]
[0.5132613633333334, 0.48673863666666667]
[1302.3, 178738.9]
[0.5148768383333335, 0.48512316166666664]
repeat end
[1317.9, 179575.15]
[0.5103695533333334, 0.48963044666666666]
[1355.95, 173672.5]
[0.534932465, 0.46506753500000003]
[1352.15, 184820.25]
[0.49729789166666666, 0.5027021083333334]
[1342.5, 186580.75]
[0.4970715048387097, 0.5029284951612902]
[1347.25, 188479.2]
[0.48293223709677424, 0.5170677629032258]
repeat end
[1129.3, 170897.45]
[0.4328873112903227, 0.5671126887096773]
[1348.95, 189214.25]
[0.4700943966666668, 0.5299056033333334]
[1350.25, 186793.05]
[0.4858787383333333, 0.5141212616666667]
[1372.05, 186292.6]
[0.4802845333333333, 0.5197154666666667]
[1354.9, 190502.6]
[0.47214300500000006, 0.5278569949999999]
repeat end
