dram
1683244912,4570346752
1683244942,4675671034
package-0
1683244912,32870934710
1683244942,33704336751
package-1
1683244912,32914385709
1683244942,33761667720
-----
dram
1683244943,4677504785
1683244973,4783519892
package-0
1683244943,33719150189
1683244973,34552830672
package-1
1683244943,33776923784
1683244973,34624652937
-----
dram
1683244973,4785347584
1683245004,4891355103
package-0
1683244973,34567944220
1683245004,35400263928
package-1
1683244973,34640165105
1683245004,35487239413
-----
dram
1683245004,4893184142
1683245035,4999998078
package-0
1683245004,35415373264
1683245035,36248298195
package-1
1683245004,35502733392
1683245035,36349306481
-----
dram
1683245035,5001840045
1683245066,5107827153
package-0
1683245035,36263792662
1683245066,37095298407
package-1
1683245035,36364802962
1683245066,37212516979
-----
repeat end
dram
1683245066,5109544945
1683245096,5225833957
package-0
1683245066,37109464875
1683245096,37979603089
package-1
1683245066,37227026097
1683245096,38109619724
-----
dram
1683245097,5227683957
1683245127,5343017453
package-0
1683245097,37994803184
1683245127,38863468441
package-1
1683245097,38125205682
1683245127,39009395924
-----
dram
1683245128,5344785199
1683245158,5460589890
package-0
1683245128,38878386799
1683245158,39750209701
package-1
1683245128,39024337414
1683245158,39908379096
-----
dram
1683245159,5462335849
1683245189,5577682656
package-0
1683245159,39764560922
1683245189,40634548990
package-1
1683245159,39923206817
1683245189,40805342437
-----
dram
1683245190,5579517539
1683245220,5695165206
package-0
1683245190,40649619752
1683245220,41521238248
package-1
1683245190,40820871694
1683245220,41704108569
-----
repeat end
dram
1683245220,5696935186
1683245251,5823405736
package-0
1683245220,41535896963
1683245251,42443959092
package-1
1683245220,41719197153
1683245251,42637755165
-----
dram
1683245251,5825222978
1683245282,5950663042
package-0
1683245251,42459172615
1683245282,43369367794
package-1
1683245251,42653008422
1683245282,43571862820
-----
dram
1683245282,5952603465
1683245312,6077827860
package-0
1683245282,43385475358
1683245312,44296554569
package-1
1683245282,43587788805
1683245312,44505020649
-----
dram
1683245313,6079764473
1683245343,6203857586
package-0
1683245313,44312359765
1683245343,45222108901
package-1
1683245313,44520835000
1683245343,45440666081
-----
dram
1683245344,6205459328
1683245374,6329298935
package-0
1683245344,45235341838
1683245374,46145310090
package-1
1683245344,45454226410
1683245374,46372997373
-----
repeat end
dram
1683245375,6331072756
1683245405,6465507093
package-0
1683245375,46159940790
1683245405,47104281329
package-1
1683245375,46388018880
1683245405,47344408033
-----
dram
1683245406,6467429294
1683245436,6601910663
package-0
1683245406,47120668555
1683245436,48066796260
package-1
1683245406,47360638888
1683245436,48316267789
-----
dram
1683245436,6603761627
1683245467,6740448675
package-0
1683245436,48082538407
1683245467,49032756311
package-1
1683245436,48332019641
1683245467,49287055648
-----
dram
1683245467,6742324730
1683245498,6879071678
package-0
1683245467,49048231552
1683245498,49997613888
package-1
1683245467,49302815617
1683245498,50258337646
-----
dram
1683245498,6880931041
1683245529,7013872971
package-0
1683245498,50013940079
1683245529,50961483735
package-1
1683245498,50274074667
1683245529,51232342843
-----
repeat end
dram
1683245529,7015675968
1683245559,7161210548
package-0
1683245529,50976805534
1683245559,51964555752
package-1
1683245529,51247576325
1683245559,52241317861
-----
dram
1683245560,7163039724
1683245590,7306953283
package-0
1683245560,51979793689
1683245590,52964111115
package-1
1683245560,52256826366
1683245590,53253026025
-----
dram
1683245591,7308786927
1683245621,7453339767
package-0
1683245591,52978824945
1683245621,53967380641
package-1
1683245591,53268006455
1683245621,54260580330
-----
dram
1683245622,7455232101
1683245652,7597226092
package-0
1683245622,53983202622
1683245652,54968619167
package-1
1683245622,54276650785
1683245652,55271608565
-----
dram
1683245653,7599239419
1683245683,7738788960
package-0
1683245653,54985372603
1683245683,55963937542
package-1
1683245653,55288359071
1683245683,56282182211
-----
repeat end
dram
1683245684,7740671334
1683245714,7885489108
package-0
1683245684,55979551272
1683245714,56985848988
package-1
1683245684,56298280131
1683245714,57328247648
-----
dram
1683245714,7887349557
1683245745,8036661967
package-0
1683245714,57001824533
1683245745,58013233504
package-1
1683245714,57343882557
1683245745,58372746317
-----
dram
1683245745,8038454423
1683245776,8185826486
package-0
1683245745,58027987068
1683245776,59041104835
package-1
1683245745,58387871339
1683245776,59417926747
-----
dram
1683245776,8187732193
1683245807,8338490605
package-0
1683245776,59057031980
1683245807,60071376978
package-1
1683245776,59434214852
1683245807,60465080072
-----
dram
1683245807,8340398500
1683245837,8492579904
package-0
1683245807,60087240158
1683245837,61099966691
package-1
1683245807,60481131972
1683245837,61515324820
-----
repeat end
dram
1683245838,8494471367
1683245868,8648797907
package-0
1683245838,61116407323
1683245868,62166042148
package-1
1683245838,61531455638
1683245868,62596009187
-----
dram
1683245869,8650742461
1683245899,8808203681
package-0
1683245869,62182922842
1683245899,63229669735
package-1
1683245869,62612499379
1683245899,63682221738
-----
dram
1683245900,8809939542
1683245930,8965874036
package-0
1683245900,63244429036
1683245930,64289112213
package-1
1683245900,63696820090
1683245930,64770348652
-----
dram
1683245931,8967684424
1683245961,9118385737
package-0
1683245931,64305120046
1683245961,65356369247
package-1
1683245931,64785766276
1683245961,65857555281
-----
dram
1683245962,9120211348
1683245992,9262909047
package-0
1683245962,65372286931
1683245992,66395148021
package-1
1683245962,65873097233
1683245992,66914403161
-----
repeat end
dram
1683245992,9264756186
1683246023,9414880857
package-0
1683245992,66410697114
1683246023,67471422304
package-1
1683245992,66930313277
1683246023,68012978352
-----
dram
1683246023,9416623940
1683246054,9569992914
package-0
1683246023,67486496118
1683246054,68550261644
package-1
1683246023,68027844341
1683246054,69110736650
-----
dram
1683246054,9571835601
1683246084,9721038753
package-0
1683246054,68566258796
1683246084,69628769808
package-1
1683246054,69126169594
1683246084,70206236897
-----
dram
1683246085,9722793663
1683246115,9873927766
package-0
1683246085,69643874323
1683246115,70704127956
package-1
1683246085,70221014996
1683246115,71302133811
-----
dram
1683246116,9875768402
1683246146,10037675557
package-0
1683246116,70719908678
1683246146,71773026038
package-1
1683246116,71317597699
1683246146,72396349210
-----
repeat end
dram
1683246147,10039454228
1683246177,10188650296
package-0
1683246147,71787818786
1683246177,72827970908
package-1
1683246147,72411284719
1683246177,73486802229
-----
dram
1683246178,10190503647
1683246208,10350628658
package-0
1683246178,72843462446
1683246208,73884521853
package-1
1683246178,73502410099
1683246208,74575795474
-----
dram
1683246208,10352376897
1683246239,10509782532
package-0
1683246208,73898827603
1683246239,74949355431
package-1
1683246208,74590432339
1683246239,75655917221
-----
dram
1683246239,10511573137
1683246270,10663242894
package-0
1683246239,74964445236
1683246270,76008782650
package-1
1683246239,75670897712
1683246270,76740377823
-----
dram
1683246270,10665033789
1683246301,10819960151
package-0
1683246270,76024411456
1683246301,77070201503
package-1
1683246270,76755470070
1683246301,77826562543
-----
repeat end
dram
1683246301,10821951675
1683246331,10967118152
package-0
1683246301,77086763350
1683246331,78108498344
package-1
1683246301,77843284668
1683246331,78874904097
-----
dram
1683246332,10969004994
1683246362,11123951353
package-0
1683246332,78124265272
1683246362,79173993542
package-1
1683246332,78890668034
1683246362,79967380427
-----
dram
1683246363,11125949594
1683246393,11284579336
package-0
1683246363,79190804473
1683246393,80245966627
package-1
1683246363,79983916273
1683246393,81061936401
-----
dram
1683246394,11286455881
1683246424,11450389904
package-0
1683246394,80261912937
1683246424,81318616164
package-1
1683246394,81077665609
1683246424,82156025825
-----
dram
1683246425,11452281672
1683246455,11616912900
package-0
1683246425,81335103610
1683246455,82393604684
package-1
1683246425,82172137966
1683246455,83247573323
-----
repeat end
dram
1683244912,3952764792
1683244942,4039149953
package-0
1683244912,34650839943
1683244942,35525302975
package-1
1683244912,32040834845
1683244942,32861171368
-----
dram
1683244943,4040644274
1683244973,4161837425
package-0
1683244943,35541221270
1683244973,36532378400
package-1
1683244943,32875839360
1683244973,33748797208
-----
dram
1683244974,4163263875
1683245004,4249022318
package-0
1683244974,36548354922
1683245004,37421069118
package-1
1683244974,33763742788
1683245004,34582847746
-----
dram
1683245004,4250432274
1683245035,4349598566
package-0
1683245004,37436946763
1683245035,38352356895
package-1
1683245004,34597823111
1683245035,35436108990
-----
dram
1683245035,4351033308
1683245066,4436866415
package-0
1683245035,38368445599
1683245066,39241497747
package-1
1683245035,35451301883
1683245066,36271691018
-----
repeat end
dram
1683245066,4438214881
1683245096,4542800678
package-0
1683245066,39256504544
1683245096,40188913778
package-1
1683245066,36285822391
1683245096,37144616518
-----
dram
1683245097,4545765558
1683245127,4643195667
package-0
1683245097,40205802285
1683245127,41109764814
package-1
1683245097,37160102074
1683245127,38004273070
-----
dram
1683245128,4644582780
1683245158,4749793490
package-0
1683245128,41125328984
1683245158,42055263126
package-1
1683245128,38018509300
1683245158,38877934224
-----
dram
1683245159,4751217522
1683245189,4859855723
package-0
1683245159,42071423058
1683245189,43018614664
package-1
1683245159,38893172527
1683245189,39756662626
-----
dram
1683245190,4861283841
1683245220,4959177693
package-0
1683245190,43034693175
1683245220,43942748101
package-1
1683245190,39771725088
1683245220,40621243787
-----
repeat end
dram
1683245221,4960561119
1683245251,5078578908
package-0
1683245221,43958463271
1683245251,44938322274
package-1
1683245221,40635935217
1683245251,41531340700
-----
dram
1683245251,5079945428
1683245282,5191416561
package-0
1683245251,44953883330
1683245282,45904584327
package-1
1683245251,41546005275
1683245282,42427761868
-----
dram
1683245282,5192945903
1683245313,5330795231
package-0
1683245282,45920887325
1683245313,46984146199
package-1
1683245282,42443160510
1683245313,43383274497
-----
dram
1683245313,5332240026
1683245343,5467909700
package-0
1683245313,47000231058
1683245343,48055687157
package-1
1683245313,43398486006
1683245343,44328849164
-----
dram
1683245344,5470682580
1683245374,5596597404
package-0
1683245344,48075057835
1683245374,49101074740
package-1
1683245344,44344306583
1683245374,45248731391
-----
repeat end
dram
1683245375,5598145503
1683245405,5723958276
package-0
1683245375,49118110951
1683245405,50145415633
package-1
1683245375,45263651275
1683245405,46196596458
-----
dram
1683245406,5725463015
1683245436,5851933733
package-0
1683245406,50162229860
1683245436,51165446835
package-1
1683245406,46212509625
1683245436,47131719125
-----
dram
1683245437,5853342236
1683245467,5973264386
package-0
1683245437,51181457903
1683245467,52160841382
package-1
1683245437,47146835358
1683245467,48055685815
-----
dram
1683245468,5974707818
1683245498,6116071434
package-0
1683245468,52177276521
1683245498,53256146561
package-1
1683245468,48071279708
1683245498,49028920017
-----
dram
1683245498,6118845905
1683245529,6242595641
package-0
1683245498,53277444908
1683245529,54270289717
package-1
1683245498,49045835257
1683245529,49963785483
-----
repeat end
dram
1683245529,6244021203
1683245560,6379196060
package-0
1683245529,54286345462
1683245560,55324377351
package-1
1683245529,49978994917
1683245560,50924027532
-----
dram
1683245560,6380616742
1683245590,6538568480
package-0
1683245560,55340396780
1683245590,56491648777
package-1
1683245560,50939212734
1683245590,51936224037
-----
dram
1683245591,6541595110
1683245621,6681455807
package-0
1683245591,56512289776
1683245621,57595082719
package-1
1683245591,51953262568
1683245621,52906992853
-----
dram
1683245622,6683009568
1683245652,6835182741
package-0
1683245622,57611900791
1683245652,58733439790
package-1
1683245622,52922910293
1683245652,53912121322
-----
dram
1683245653,6836780137
1683245683,6972343584
package-0
1683245653,58750327809
1683245683,59784374661
package-1
1683245653,53928130193
1683245683,54873800745
-----
repeat end
dram
1683245684,6973807151
1683245714,7136822914
package-0
1683245684,59801062240
1683245714,60982085706
package-1
1683245684,54889448655
1683245714,55910268307
-----
dram
1683245715,7138313333
1683245745,7278632402
package-0
1683245715,60999089203
1683245745,62057305244
package-1
1683245715,55925928789
1683245745,56896885410
-----
dram
1683245745,7280015400
1683245776,7452003266
package-0
1683245745,62072860685
1683245776,63322988832
package-1
1683245745,56911628658
1683245776,57961143367
-----
dram
1683245776,7454877202
1683245807,7603230990
package-0
1683245776,63345325994
1683245807,64449184741
package-1
1683245776,57979792672
1683245807,58966341111
-----
dram
1683245807,7604708465
1683245838,7748636315
package-0
1683245807,64465698187
1683245838,65537895332
package-1
1683245807,58981970099
1683245838,59958335214
-----
repeat end
dram
1683245838,7750103952
1683245869,7910461049
package-0
1683245838,65554590114
1683245869,66704240064
package-1
1683245838,59973995147
1683245869,60997094091
-----
dram
1683245869,7912021496
1683245899,8063947956
package-0
1683245869,66721725493
1683245899,67835002855
package-1
1683245869,61013231989
1683245899,62018238571
-----
dram
1683245900,8067019844
1683245930,8235192808
package-0
1683245900,67855789362
1683245930,69078218422
package-1
1683245900,62035452761
1683245930,63075005153
-----
dram
1683245931,8237005675
1683245961,8405433078
package-0
1683245931,69096067010
1683245961,70315690596
package-1
1683245931,63090595323
1683245961,64122343658
-----
dram
1683245962,8407266706
1683245992,8562275872
package-0
1683245962,70333117615
1683245992,71481536916
package-1
1683245962,64137673392
1683245992,65129475480
-----
repeat end
dram
1683245993,8563974983
1683246023,8730642121
package-0
1683245993,71499143377
1683246023,72703728489
package-1
1683245993,65144559059
1683246023,66177978289
-----
dram
1683246023,8732151282
1683246054,8901947377
package-0
1683246023,72719232966
1683246054,73940083540
package-1
1683246023,66191531843
1683246054,67225888387
-----
dram
1683246054,8904035980
1683246085,9066980261
package-0
1683246054,73959383966
1683246085,75126466489
package-1
1683246054,67243111792
1683246085,68263174000
-----
dram
1683246085,9068649996
1683246115,9234093915
package-0
1683246085,75143578872
1683246115,76328193393
package-1
1683246085,68277980359
1683246115,69324697101
-----
dram
1683246116,9235819647
1683246146,9404927579
package-0
1683246116,76345375356
1683246146,77555517582
package-1
1683246116,69339991373
1683246146,70391766940
-----
repeat end
dram
1683246147,9406623967
1683246177,9567745237
package-0
1683246147,77572712057
1683246177,78753638233
package-1
1683246147,70406929315
1683246177,71432210382
-----
dram
1683246178,9569755152
1683246208,9747677506
package-0
1683246178,78773370239
1683246208,80117238747
package-1
1683246178,71447741836
1683246208,72530496084
-----
dram
1683246209,9750559322
1683246239,9918844191
package-0
1683246209,80138356063
1683246239,81388271564
package-1
1683246209,72547179452
1683246239,73604290698
-----
dram
1683246239,9921314880
1683246270,10075446943
package-0
1683246239,81409017666
1683246270,82547737712
package-1
1683246239,73621801273
1683246270,74628864552
-----
dram
1683246270,10076818251
1683246301,10232309718
package-0
1683246270,82563259157
1683246301,83691664899
package-1
1683246270,74643342603
1683246301,75666396259
-----
repeat end
dram
1683246301,10233884624
1683246332,10391245200
package-0
1683246301,83708639281
1683246332,84865450834
package-1
1683246301,75682176980
1683246332,76695021616
-----
dram
1683246332,10392739016
1683246362,10551388281
package-0
1683246332,84881647875
1683246362,86020744996
package-1
1683246332,76710322053
1683246362,77738944481
-----
dram
1683246363,10554347882
1683246393,10709581575
package-0
1683246363,86040823680
1683246393,87185665964
package-1
1683246363,77755697246
1683246393,78773327453
-----
dram
1683246394,10711612436
1683246424,10866082995
package-0
1683246394,87205488118
1683246424,88351266984
package-1
1683246394,78790405717
1683246424,79808826999
-----
dram
1683246425,10867573506
1683246455,11026707521
package-0
1683246425,88367752049
1683246455,89523713201
package-1
1683246425,79824432672
1683246455,80865739516
-----
repeat end
