[0.3, 11.5, 5265.05]
[0.004403192098970571, 0.0009278145390260882, 0.994668993362003]
[0.7, 9.3, 4823.65]
[0.003917172381146134, 0.0008649743301200628, 0.9952178532887338]
[0.55, 9.2, 4857.25]
[0.003088435947468071, 0.001819016075945944, 0.9950925479765859]
[0.45, 7.5, 4810.55]
[0.0031766141584348762, 0.0007924389404556795, 0.9960309469011094]
[0.45, 8.15, 4782.8]
[0.032098982258064526, 0.00020732580645161297, 0.9676936919354837]
repeat end
[1.5, 27.75, 8913.45]
[0.03901935645161291, 0.0009839048387096773, 0.9599967387096774]
[1.65, 17.8, 8525.35]
[0.04024278387096773, 0.0003882, 0.9593690161290322]
[1.4, 17.95, 8540.3]
[0.0418961258064516, 0.00022856451612903228, 0.9578753096774195]
[1.6, 20.8, 8711.6]
[0.04251460806451614, 0.0006940387096774195, 0.9567913532258064]
[1.05, 18.65, 8692.4]
[0.009936683078053015, 0.00026247088156108455, 0.989800846040386]
repeat end
[2.8, 44.0, 12433.3]
[0.018773498467709655, 0.0006749229437211882, 0.9805515785885689]
[2.55, 37.95, 12248.55]
[0.01805229785145951, 0.00041222057678918226, 0.9815354815717511]
[2.65, 35.9, 12165.05]
[0.01742250588936381, 0.0007875362410148795, 0.9817899578696215]
[3.15, 36.55, 12204.25]
[0.01975865, 0.00038949, 0.9798518599999999]
[2.55, 33.55, 12125.25]
[0.01757871666666666, 0.0002909534383287436, 0.9821303298950046]
repeat end
[4.2, 65.95, 15850.35]
[0.027713328333333332, 0.0007182150000000001, 0.9715684566666665]
[3.9, 58.8, 15605.65]
[0.024607358333333336, 0.00042439833333333336, 0.9749682433333333]
[4.1, 63.45, 15590.25]
[0.025443100513022714, 0.0005786827709123061, 0.9739782167160648]
[4.35, 59.55, 15560.05]
[0.025913366351246643, 0.0005660837564773582, 0.9735205498922761]
[3.95, 58.15, 15607.7]
[0.05926596451612905, 0.00046562258064516136, 0.9402684129032257]
repeat end
[5.5, 99.55, 19217.85]
[0.06356829032258064, 0.0007574887096774195, 0.9356742209677419]
[5.45, 89.0, 19096.4]
[0.06519387903225807, 0.0006301935483870968, 0.9341759274193547]
[5.3, 80.85, 18955.6]
[0.06792634354838709, 0.0005901112903225807, 0.9314835451612904]
[5.9, 88.1, 18971.35]
[0.06829906451612906, 0.0007822387096774195, 0.9309186967741935]
[5.2, 88.1, 19069.3]
[0.06356974838709677, 0.0006256870967741936, 0.9358045645161293]
repeat end
[7.75, 135.85, 22277.4]
[0.04111437666666667, 0.0009245316666666662, 0.9579610916666665]
[7.65, 123.85, 22059.65]
[0.04260289833333335, 0.0008456683333333333, 0.9565514333333333]
[8.35, 125.3, 22058.8]
[0.04154908333333334, 0.0008450449999999998, 0.9576058716666666]
[7.0, 115.35, 22076.65]
[0.04413646, 0.0008077283333333334, 0.9550558116666666]
[6.7, 127.15, 22009.85]
[0.04390824999999998, 0.0008393383333333336, 0.9552524116666667]
repeat end
[9.7, 161.6, 24397.9]
[0.05091552333333334, 0.0010124016666666665, 0.948072075]
[9.05, 157.6, 23945.9]
[0.05104079, 0.000999098333333333, 0.9479601116666666]
[8.25, 153.2, 24180.2]
[0.053511130000000004, 0.0010042683333333334, 0.9454846016666668]
[9.4, 151.65, 23903.85]
[0.048585295, 0.0009647900000000001, 0.9504499150000001]
[8.55, 159.8, 23932.6]
[0.05045158833333332, 0.001087581666666667, 0.9484608299999999]
repeat end
[10.2, 161.7, 24115.3]
[0.07839838870967741, 0.0011655903225806451, 0.920436020967742]
[7.9, 154.8, 23956.75]
[0.07860829677419354, 0.0009573274193548385, 0.9204343758064517]
[9.35, 162.2, 24543.75]
[0.08010788870967742, 0.0011478838709677419, 0.9187442274193547]
[10.2, 171.8, 24492.8]
[0.08324175967741936, 0.0010880790322580645, 0.9156701612903226]
[9.35, 161.75, 24430.3]
[0.049271665000000006, 0.0010936599999999998, 0.9496346749999999]
repeat end
[7.45, 153.1, 24157.65]
[0.051711049999999995, 0.0012031833333333336, 0.9470857666666669]
[9.7, 151.3, 23771.85]
[0.04725469333333334, 0.0010118750000000002, 0.9517334316666665]
[8.65, 157.45, 23992.8]
[0.04807941500000001, 0.0011000516666666664, 0.9508205333333333]
[8.65, 156.3, 24194.4]
[0.051160966666666675, 0.00103047, 0.9478085633333329]
[9.25, 150.4, 24150.5]
[0.05050720166666667, 0.0011346933333333336, 0.9483581049999998]
repeat end
[9.0, 160.15, 24124.55]
[0.05123392833333336, 0.0009869966666666667, 0.947779075]
[8.25, 149.3, 24108.25]
[0.050439658333333325, 0.0009776833333333334, 0.9485826583333333]
[9.5, 159.75, 24131.75]
[0.050780221666666646, 0.0010364416666666669, 0.9481833366666667]
[9.2, 163.15, 24258.1]
[0.05058334333333332, 0.0010877233333333334, 0.9483289333333333]
[8.15, 164.95, 23889.8]
[0.049441721666666674, 0.001210025, 0.9493482533333333]
repeat end
[165.5, 4334.4, 30852.45]
[0.09179640666666666, 0.007478443333333333, 0.9007251499999999]
[177.0, 4514.5, 31318.05]
[0.09195759999999997, 0.009154786666666668, 0.8988876133333333]
[162.95, 4202.65, 31200.55]
[0.06669959500000001, 0.006473883333333335, 0.9268265216666667]
[169.2, 4225.75, 31413.4]
[0.07772953499999999, 0.00683168, 0.9154387850000001]
[162.7, 4194.8, 29996.35]
[0.06946781999999999, 0.006458814999999998, 0.9240733650000001]
repeat end
[340.55, 8797.9, 58803.35]
[0.14720922166666667, 0.013576501666666666, 0.8392142766666666]
[339.4, 8573.65, 57127.4]
[0.16498857903225805, 0.012140590322580642, 0.8228708306451613]
[328.95, 8552.45, 58357.25]
[0.17045767741935486, 0.012685501612903227, 0.8168568209677419]
[339.4, 8732.35, 57812.95]
[0.1918029467741935, 0.013940932258064512, 0.7942561209677418]
[339.35, 8576.7, 56366.45]
[0.1984916370967742, 0.012288454838709679, 0.789219908064516]
repeat end
[529.35, 13390.95, 80495.6]
[0.2373383258064516, 0.01915210806451613, 0.7435095661290323]
[527.5, 13438.1, 80897.75]
[0.22851845166666668, 0.022415235, 0.7490663133333333]
[520.2, 13116.55, 80024.55]
[0.21267710666666667, 0.019204953333333333, 0.7681179400000001]
[514.5, 13194.65, 79588.15]
[0.22043611666666668, 0.019515295000000002, 0.7600485883333332]
[512.1, 13212.65, 80022.2]
[0.20915254833333335, 0.018977545000000002, 0.7718699066666665]
repeat end
[709.1, 18394.2, 102206.05]
[0.2864567066666666, 0.026530366666666666, 0.6870129266666667]
[702.0, 17727.05, 101889.05]
[0.28138337999999996, 0.024414178333333335, 0.6942024416666668]
[684.75, 17678.45, 98441.45]
[0.321972015, 0.025199364999999994, 0.65282862]
[707.65, 18047.65, 102045.55]
[0.2863802783333333, 0.024881448333333334, 0.6887382733333334]
[703.65, 18018.95, 101712.75]
[0.281170775, 0.02589153666666667, 0.6929376883333332]
repeat end
[917.0, 23230.8, 123582.25]
[0.3419420999999999, 0.03313177000000001, 0.6249261300000001]
[903.75, 23072.4, 124865.85]
[0.3418038116666665, 0.032343293333333335, 0.6258528950000001]
[894.3, 23008.0, 125821.1]
[0.36247313870967746, 0.030671601612903228, 0.6068552596774193]
[871.25, 22860.05, 115141.75]
[0.39817510161290326, 0.030193949999999997, 0.5716309483870968]
[924.5, 23410.75, 120736.5]
[0.37214289354838714, 0.03165220806451613, 0.5962048983870967]
repeat end
[1078.0, 27885.75, 139278.85]
[0.41363186774193544, 0.0372992870967742, 0.5490688451612902]
[1089.1, 27583.9, 137980.0]
[0.4140970306451613, 0.03780556774193549, 0.5480974016129031]
[1054.75, 27400.75, 135284.25]
[0.40829860333333323, 0.037831858333333336, 0.5538695383333334]
[1073.95, 27592.5, 137258.8]
[0.40080620833333336, 0.03815146166666666, 0.56104233]
[1071.15, 27443.75, 129696.15]
[0.4358539083333334, 0.038168125, 0.5259779666666666]
repeat end
[1224.25, 31929.5, 144202.0]
[0.455702815, 0.043604018333333334, 0.5006931666666667]
[1189.3, 31109.7, 143770.9]
[0.43695407833333333, 0.04290344833333333, 0.5201424733333334]
[1195.3, 31068.55, 146556.05]
[0.43173411, 0.04259345166666667, 0.5256724383333331]
[1187.1, 30784.25, 145380.9]
[0.42819555666666664, 0.04131789666666666, 0.5304865466666666]
[1211.0, 30632.4, 136126.5]
[0.4767707399999999, 0.04142731000000001, 0.48180195000000003]
repeat end
[1181.7, 30066.15, 135962.95]
[0.4814366583333333, 0.041138321666666665, 0.4774250200000001]
[1184.75, 30171.9, 134681.7]
[0.4812478516666666, 0.04109312, 0.47765902833333324]
[1227.25, 31200.9, 136627.75]
[0.5064706822580646, 0.04121235161290323, 0.4523169661290323]
[1198.2, 30928.4, 136646.15]
[0.5057327016129033, 0.040671566129032256, 0.45359573225806454]
[1199.75, 30528.6, 134702.7]
[0.5100602806451613, 0.04000229677419355, 0.44993742258064506]
repeat end
[1191.5, 30580.2, 134737.7]
[0.49906578870967744, 0.041043266129032266, 0.45989094516129037]
[1159.8, 29741.95, 136303.35]
[0.480042770967742, 0.03918758064516129, 0.4807696483870968]
[1168.8, 30193.2, 136241.5]
[0.4756589166666666, 0.04144111166666666, 0.4828999716666666]
[1191.15, 30713.15, 135974.85]
[0.48601409333333334, 0.04193903, 0.4720468766666667]
[1265.55, 31792.25, 142518.3]
[0.4543748533333334, 0.04372257166666667, 0.5019025749999999]
repeat end
[1213.2, 31235.05, 140924.75]
[0.45198741500000006, 0.04194217333333332, 0.5060704116666666]
[1169.65, 30401.8, 142419.7]
[0.45201147166666666, 0.04130042666666666, 0.5066881016666667]
[1201.0, 31067.1, 147995.25]
[0.43000951666666676, 0.04294522, 0.5270452633333333]
[1215.7, 31355.35, 144441.15]
[0.44074763666666666, 0.04371906666666667, 0.5155332966666666]
[1190.8, 30993.05, 144655.4]
[0.43004024666666674, 0.042613478333333336, 0.5273462750000001]
repeat end
repeat end
repeat end
repeat end
repeat end
repeat end
repeat end
repeat end
repeat end
repeat end
repeat end
repeat end
repeat end
repeat end
repeat end
repeat end
repeat end
repeat end
repeat end
repeat end
repeat end
