[166.75, 5034.3, 29190.95]
[0.1264719066666667, 0.010798674999999999, 0.8627294183333334]
[154.9, 4791.8, 27573.75]
[0.14526145, 0.008182928333333336, 0.8465556216666666]
[169.8, 5013.95, 28332.2]
[0.12352421166666668, 0.008092869999999999, 0.8683829183333331]
[159.2, 4781.15, 28883.8]
[0.11877526166666667, 0.007255796666666666, 0.8739689416666666]
[166.85, 4813.65, 28997.5]
[0.12478763833333333, 0.007939738333333333, 0.8672726233333334]
repeat end
[340.75, 10104.45, 50679.85]
[0.2626443306451613, 0.015836732258064517, 0.7215189370967741]
[331.3, 9857.65, 48299.65]
[0.25652594032258075, 0.014370717741935485, 0.7291033419354835]
[344.2, 10043.0, 48993.9]
[0.26002790161290323, 0.014545106451612905, 0.7254269919354839]
[343.15, 10214.4, 50395.6]
[0.26757677258064516, 0.015038951612903226, 0.7173842758064516]
[330.4, 9812.15, 48245.35]
[0.2545050887096775, 0.014382485483870968, 0.7311124258064516]
repeat end
[531.05, 15125.8, 67072.85]
[0.3608171387096774, 0.022327659677419353, 0.6168552016129033]
[542.9, 15192.65, 66303.8]
[0.330400355, 0.02234166333333333, 0.6472579816666667]
[528.95, 14909.95, 65139.6]
[0.3370784316666667, 0.022044448333333334, 0.64087712]
[523.4, 14994.3, 64216.45]
[0.3400144850000001, 0.02198913, 0.6379963850000001]
[538.5, 15156.5, 67756.05]
[0.34998310499999996, 0.02262983666666667, 0.6273870583333333]
repeat end
[720.1, 19728.6, 80099.65]
[0.46841643166666663, 0.029407115000000005, 0.5021764533333334]
[742.3, 20635.8, 80603.8]
[0.44661979500000004, 0.030181734999999998, 0.52319847]
[709.5, 20213.85, 80455.3]
[0.4356454533333333, 0.029751354999999997, 0.5346031916666667]
[715.6, 20288.65, 79910.1]
[0.4302526383333333, 0.02942214999999999, 0.5403252116666667]
[704.45, 20099.45, 78710.9]
[0.4421266516666666, 0.029446274999999994, 0.5284270733333334]
repeat end
[931.75, 25889.0, 91371.4]
[0.5310145333333334, 0.03735536500000001, 0.43163010166666665]
[935.75, 25801.7, 89565.4]
[0.54272853, 0.037505369999999996, 0.41976610000000003]
[920.75, 25208.45, 89155.3]
[0.5821074306451614, 0.03519568870967742, 0.38269688064516133]
[919.05, 25573.3, 90923.15]
[0.5789236387096773, 0.03538451129032257, 0.38569184999999995]
[905.45, 25857.9, 90467.95]
[0.5504050758064516, 0.03661491935483872, 0.41298000483870967]
repeat end
[1084.45, 31183.15, 99141.15]
[0.620772579032258, 0.04381058387096775, 0.33541683709677417]
[1094.25, 31340.6, 99448.0]
[0.6215690225806452, 0.04379059516129034, 0.3346403822580645]
[1103.55, 30775.35, 98568.55]
[0.6246265416666665, 0.04385739666666667, 0.3315160616666667]
[1082.6, 28912.85, 97147.6]
[0.6668281066666666, 0.04148195666666667, 0.2916899366666666]
[1066.95, 28959.05, 99428.85]
[0.66466616, 0.04141877666666667, 0.29391506333333334]
repeat end
[1128.65, 31290.25, 95400.1]
[0.6861918833333334, 0.04444424499999998, 0.26936387166666664]
[1112.55, 31063.25, 91051.55]
[0.7006034316666667, 0.04460212666666667, 0.25479444166666665]
[1132.65, 31447.35, 93131.75]
[0.7026536916666666, 0.04448906666666667, 0.2528572416666667]
[1141.1, 32031.35, 92822.35]
[0.6977942550000001, 0.045867025, 0.25633872]
[1139.55, 31612.7, 92563.2]
[0.6989821883333333, 0.04496008333333333, 0.2560577283333333]
repeat end
[1115.7, 31752.0, 90953.9]
[0.7033631433333333, 0.04547157, 0.25116528666666665]
[1114.2, 30913.1, 92754.5]
[0.7062662258064516, 0.042445058064516136, 0.2512887161290322]
[1232.05, 35586.55, 94485.2]
[0.7079228870967743, 0.048273661290322574, 0.2438034516129032]
[1149.3, 32585.35, 93473.3]
[0.7057928677419356, 0.044680667741935486, 0.24952646451612903]
[1149.8, 33112.65, 92562.65]
[0.705919258064516, 0.04532874838709678, 0.24875199354838715]
repeat end
[1255.2, 36031.55, 97224.9]
[0.6888212266666668, 0.05082906, 0.26034971333333334]
[1254.55, 36964.1, 97904.1]
[0.6886565749999999, 0.05220186833333333, 0.2591415566666667]
[1201.15, 34243.5, 94017.55]
[0.6959121316666665, 0.047894168333333334, 0.2561937]
[1159.35, 34000.35, 95606.45]
[0.6908719516666666, 0.048018896666666665, 0.2611091516666667]
[1259.55, 37360.05, 97222.65]
[0.6947361833333333, 0.05246803666666666, 0.25279578]
repeat end
[1221.2, 36150.8, 95162.4]
[0.69610047, 0.05072370666666668, 0.2531758233333334]
[1263.0, 37052.05, 96316.15]
[0.6932431883333333, 0.052233783333333325, 0.2545230283333333]
[1159.6, 32599.65, 93238.6]
[0.6940726466666668, 0.046006605, 0.25992074833333334]
[1140.25, 31168.45, 91968.0]
[0.7040556816666668, 0.04426502833333333, 0.25167928999999994]
[1114.95, 31265.95, 93834.0]
[0.6943386516666665, 0.04440468499999999, 0.26125666333333336]
repeat end
[0.2, 64.9, 2792.25]
[0.0061826383333333235, 0.028511975550101116, 0.9653053861165655]
[0.2, 76.1, 2816.4]
[0.008215239257189838, 0.03186931104599448, 0.9599154496968154]
[0.3, 68.65, 2752.35]
[0.008134395446496046, 0.026464968041674093, 0.9654006365118301]
[0.2, 73.35, 2538.9]
[0.0057835816406852925, 0.03117312748446884, 0.9630432908748461]
[0.25, 63.95, 2836.85]
[0.008161201464803503, 0.02789193546826471, 0.963946863066932]
repeat end
[0.3, 155.6, 4444.45]
[0.016327744936267707, 0.03632972665518387, 0.9473425284085485]
[0.25, 169.45, 3958.9]
[0.0171911549374007, 0.04137320909315711, 0.941435635969442]
[0.5, 163.0, 4143.5]
[0.016097322537991565, 0.03927692605427195, 0.9446257514077365]
[0.45, 157.7, 4340.25]
[0.04542863225806452, 0.03519098225806452, 0.9193803854838709]
[0.4, 160.9, 4257.25]
[0.04788032741935484, 0.03945807419354839, 0.9126615983870968]
repeat end
[0.35, 263.75, 5243.9]
[0.05399369677419356, 0.039458506451612904, 0.9065477967741934]
[0.3, 252.95, 5532.4]
[0.05172756774193547, 0.03943214193548387, 0.9088402903225805]
[0.45, 273.35, 5895.55]
[0.0517457387096774, 0.042785377419354835, 0.9054688838709677]
[0.65, 279.0, 5685.7]
[0.022107475388816272, 0.042409172172282725, 0.935483352438901]
[0.35, 408.45, 5184.35]
[0.01982131642476337, 0.03056002616745703, 0.9496186574077795]
repeat end
[0.95, 378.75, 7211.75]
[0.030175780000000006, 0.04202704833333333, 0.9277971716666664]
[0.6, 525.6, 6652.3]
[0.026586791666666665, 0.027525094956862846, 0.9458881133764703]
[0.65, 358.5, 7235.8]
[0.03214386833333335, 0.040235375, 0.9276207566666667]
[0.45, 424.4, 7018.25]
[0.03148453666666667, 0.04653191198039642, 0.9219835513529369]
[0.95, 385.3, 7273.45]
[0.03200715498230903, 0.044444477949580716, 0.9235483670681102]
repeat end
[0.95, 503.3, 8854.5]
[0.039409339999999994, 0.04249604, 0.9180946200000001]
[0.85, 581.6, 8432.1]
[0.03659860666666666, 0.04861260441770091, 0.9147887889156326]
[0.7, 556.9, 8572.2]
[0.039677848274279746, 0.046202404547168466, 0.9141197471785517]
[0.8, 571.3, 8501.15]
[0.038013080000000005, 0.046809125, 0.915177795]
[0.65, 528.1, 8237.45]
[0.0707983258064516, 0.04316013064516129, 0.8860415435483869]
repeat end
[1.55, 947.4, 8185.55]
[0.07140020645161294, 0.024693204838709674, 0.9039065887096772]
[0.8, 765.65, 9501.25]
[0.07497889354838713, 0.046633025806451615, 0.8783880806451613]
[1.05, 801.65, 9087.45]
[0.07502289032258065, 0.04783454677419355, 0.8771425629032258]
[0.9, 785.1, 9236.35]
[0.07391347903225808, 0.04745986612903226, 0.8786266548387095]
[0.9, 818.55, 9368.15]
[0.04878401833333334, 0.05133813833333334, 0.8998778433333333]
repeat end
[1.0, 986.4, 10368.95]
[0.05144405666666667, 0.05100680666666667, 0.8975491366666665]
[1.35, 1096.2, 10128.55]
[0.04859626166666667, 0.054525615000000006, 0.8968781233333333]
[1.05, 1010.9, 9919.05]
[0.052434618333333335, 0.05271017, 0.8948552116666665]
[1.1, 965.75, 10680.95]
[0.054101676666666654, 0.05154245833333333, 0.894355865]
[1.0, 1032.7, 10349.55]
[0.05023786500000001, 0.054318103333333326, 0.8954440316666668]
repeat end
[0.85, 1073.8, 10076.5]
[0.05164771833333333, 0.05223315666666667, 0.896119125]
[1.25, 1033.8, 10254.9]
[0.052806965, 0.05202891166666668, 0.8951641233333334]
[1.6, 1111.1, 10580.9]
[0.08500653064516131, 0.05337178870967742, 0.8616216806451613]
[1.25, 1114.55, 10289.6]
[0.08382915967741934, 0.05455593870967741, 0.8616149016129032]
[1.1, 1170.65, 10248.2]
[0.08381874032258063, 0.05475004032258065, 0.8614312193548386]
repeat end
[1.3, 1143.9, 10502.05]
[0.08487477258064514, 0.05336623064516129, 0.8617589967741937]
[0.95, 1145.8, 10805.75]
[0.08448823709677418, 0.051947185483870964, 0.863564577419355]
[1.1, 979.05, 10851.2]
[0.05210603000000001, 0.050655530000000004, 0.8972384400000001]
[1.05, 1168.95, 10528.4]
[0.054514481666666684, 0.05578978666666666, 0.8896957316666668]
[1.0, 1204.25, 10551.15]
[0.053282895, 0.054528803333333334, 0.892188301666667]
repeat end
[1.2, 1128.45, 10668.2]
[0.055570455, 0.05471053, 0.8897190150000001]
[1.0, 1138.1, 10976.4]
[0.05654681833333336, 0.052902644999999984, 0.8905505366666666]
[1.25, 1151.6, 10295.8]
[0.05513051833333336, 0.05746469499999999, 0.8874047866666664]
[0.9, 1006.35, 10209.85]
[0.05253413166666667, 0.050715906666666664, 0.8967499616666668]
[0.8, 1151.9, 10169.7]
[0.049486786666666685, 0.055968195, 0.8945450183333333]
repeat end
