dram
1683484422,4746303713
1683484452,4845550652
package-0
1683484422,40584753585
1683484452,41491747052
package-1
1683484422,39219004823
1683484452,40091771205
-----
dram
1683484453,4847328634
1683484483,4960771341
package-0
1683484453,41511890555
1683484483,42498182647
package-1
1683484453,40112990328
1683484483,41141974266
-----
dram
1683484484,4962963295
1683484514,5065683624
package-0
1683484484,42518569985
1683484514,43438445987
package-1
1683484484,41164614283
1683484514,42072665242
-----
dram
1683484515,5067414070
1683484545,5167328501
package-0
1683484515,43455709859
1683484545,44351828048
package-1
1683484515,42089192605
1683484545,42950961761
-----
dram
1683484546,5169284973
1683484576,5273941839
package-0
1683484546,44369957396
1683484576,45286672029
package-1
1683484546,42968416001
1683484576,43861071309
-----
repeat end
dram
1683484576,5275643490
1683484607,5391890365
package-0
1683484576,45303741382
1683484607,46259541365
package-1
1683484576,43877427834
1683484607,44804492355
-----
dram
1683484607,5393600186
1683484638,5510096987
package-0
1683484607,46276848205
1683484638,47243411649
package-1
1683484607,44821065677
1683484638,45766660608
-----
dram
1683484638,5511808246
1683484669,5629905075
package-0
1683484638,47260661666
1683484669,48222102686
package-1
1683484638,45783198041
1683484669,46722196003
-----
dram
1683484669,5631605747
1683484700,5752070541
package-0
1683484669,48239349712
1683484700,49217090129
package-1
1683484669,46738766517
1683484700,47696315763
-----
dram
1683484700,5753881067
1683484731,5870909665
package-0
1683484700,49234914302
1683484731,50191563037
package-1
1683484700,47713381576
1683484731,48627779504
-----
repeat end
dram
1683484731,5872612999
1683484762,6008213655
package-0
1683484731,50208750493
1683484762,51240083607
package-1
1683484731,48644195966
1683484762,49643802599
-----
dram
1683484762,6009900327
1683484792,6144107154
package-0
1683484762,51257142096
1683484792,52276163963
package-1
1683484762,49660067877
1683484792,50636069773
-----
dram
1683484793,6145829827
1683484823,6280930127
package-0
1683484793,52293404824
1683484823,53324118799
package-1
1683484793,50652536161
1683484823,51654981105
-----
dram
1683484824,6282620578
1683484854,6420146862
package-0
1683484824,53341364666
1683484854,54403828621
package-1
1683484824,51671448226
1683484854,52729105064
-----
dram
1683484855,6421856591
1683484885,6561890208
package-0
1683484855,54420984949
1683484885,55469575770
package-1
1683484855,52745570476
1683484885,53747692544
-----
repeat end
dram
1683484886,6563967780
1683484916,6721543046
package-0
1683484886,55487247356
1683484916,56580022757
package-1
1683484886,53765885186
1683484916,54869000465
-----
dram
1683484917,6723283437
1683484947,6882064985
package-0
1683484917,56597382759
1683484947,57725733752
package-1
1683484917,54885586299
1683484947,56040291839
-----
dram
1683484948,6883758190
1683484978,7035784208
package-0
1683484948,57742825566
1683484978,58827941319
package-1
1683484948,56056689441
1683484978,57098843999
-----
dram
1683484979,7037456329
1683485009,7189130569
package-0
1683484979,58844988028
1683485009,59927675991
package-1
1683484979,57115218896
1683485009,58140845604
-----
dram
1683485010,7191041386
1683485040,7346716576
package-0
1683485010,59945550457
1683485040,61060540400
package-1
1683485010,58157915385
1683485040,59271737179
-----
repeat end
dram
1683485041,7349162158
1683485071,7519543387
package-0
1683485041,61079936103
1683485071,62228575435
package-1
1683485041,59292996952
1683485071,60396965256
-----
dram
1683485072,7521663829
1683485102,7698812064
package-0
1683485072,62247273385
1683485102,63415188791
package-1
1683485072,60416901545
1683485102,61576712541
-----
dram
1683485102,7700481187
1683485133,7881590025
package-0
1683485102,63432141080
1683485133,64585977359
package-1
1683485102,61592933447
1683485133,62763573272
-----
dram
1683485133,7883707010
1683485164,8066389836
package-0
1683485133,64602829062
1683485164,65771707051
package-1
1683485133,62781378341
1683485164,63954186923
-----
dram
1683485164,8068122117
1683485195,8244920089
package-0
1683485164,65789001013
1683485195,66970067997
package-1
1683485164,63970723014
1683485195,65131069897
-----
repeat end
dram
1683485195,8246642410
1683485226,8435828578
package-0
1683485195,66987276327
1683485226,68193472946
package-1
1683485195,65147483002
1683485226,66304272094
-----
dram
1683485226,8437819873
1683485257,8625405294
package-0
1683485226,68212316342
1683485257,69413005896
package-1
1683485226,66323115368
1683485257,67476263722
-----
dram
1683485257,8627407712
1683485287,8818325931
package-0
1683485257,69431416127
1683485287,70632230802
package-1
1683485257,67493818426
1683485287,68686052800
-----
dram
1683485288,8820236932
1683485318,9019535084
package-0
1683485288,70649328902
1683485318,71849414453
package-1
1683485288,68703694601
1683485318,69999156800
-----
dram
1683485319,9021863667
1683485349,9220708863
package-0
1683485319,71867352945
1683485349,73053439386
package-1
1683485319,70017702956
1683485349,71270327007
-----
repeat end
dram
1683485350,9223732724
1683485380,9424586656
package-0
1683485350,73073588810
1683485380,74278332246
package-1
1683485350,71292667587
1683485380,72567814225
-----
dram
1683485381,9428489181
1683485411,9634222314
package-0
1683485381,74301599887
1683485411,75541108372
package-1
1683485381,72591225054
1683485411,73920082065
-----
dram
1683485412,9638194332
1683485442,9842741577
package-0
1683485412,75565822481
1683485442,76816431096
package-1
1683485412,73944915558
1683485442,75215272719
-----
dram
1683485443,9846544683
1683485473,10052336323
package-0
1683485443,76839038337
1683485473,78074236347
package-1
1683485443,75238588577
1683485473,76533289914
-----
dram
1683485474,10056329424
1683485504,10263431112
package-0
1683485474,78098368243
1683485504,79341984811
package-1
1683485474,76557894953
1683485504,77870023491
-----
repeat end
dram
1683485505,10267150511
1683485535,10472997599
package-0
1683485505,79367611027
1683485535,80637811999
package-1
1683485505,77895368519
1683485535,79184366806
-----
dram
1683485535,10477089645
1683485566,10682739882
package-0
1683485535,80663643781
1683485566,81900227102
package-1
1683485535,79211197487
1683485566,80551116908
-----
dram
1683485566,10686568157
1683485597,10894885659
package-0
1683485566,81924921924
1683485597,83224753496
package-1
1683485566,80576831564
1683485597,81899723258
-----
dram
1683485597,10897394721
1683485628,11104779198
package-0
1683485597,83244800442
1683485628,84517000249
package-1
1683485597,81921507870
1683485628,83276646125
-----
dram
1683485628,11108463163
1683485659,11314214136
package-0
1683485628,84540478033
1683485659,85811805894
package-1
1683485628,83301264531
1683485659,84634138072
-----
repeat end
dram
1683485659,11317133437
1683485689,11518627139
package-0
1683485659,85832901055
1683485689,87104040562
package-1
1683485659,84655300005
1683485689,85925259583
-----
dram
1683485690,11520714885
1683485720,11723943285
package-0
1683485690,87122435840
1683485720,88397039572
package-1
1683485690,85942609209
1683485720,87186621406
-----
dram
1683485721,11726516592
1683485751,11936966517
package-0
1683485721,88417081696
1683485751,89692965087
package-1
1683485721,87207891798
1683485751,88553644212
-----
dram
1683485752,11940648003
1683485782,12148144797
package-0
1683485752,89715294864
1683485782,90962609176
package-1
1683485752,88579257062
1683485782,89884565060
-----
dram
1683485783,12150170823
1683485813,12358793851
package-0
1683485783,90980994077
1683485813,92252962562
package-1
1683485783,89902001356
1683485813,91155771096
-----
repeat end
dram
1683485814,12361716212
1683485844,12574837531
package-0
1683485814,92275185405
1683485844,93570008873
package-1
1683485814,91176751755
1683485844,92446921050
-----
dram
1683485845,12577171806
1683485875,12791382379
package-0
1683485845,93588327918
1683485875,94874776956
package-1
1683485845,92466496134
1683485875,93717954722
-----
dram
1683485876,12794779958
1683485906,13008343539
package-0
1683485876,94897452252
1683485906,96146687823
package-1
1683485876,93741265331
1683485906,95061876147
-----
dram
1683485907,13012664932
1683485937,13225106259
package-0
1683485907,96171994399
1683485937,97431748193
package-1
1683485907,95087846235
1683485937,96421006030
-----
dram
1683485938,13229590979
1683485968,13440968757
package-0
1683485938,97458015033
1683485968,98708781789
package-1
1683485938,96448356546
1683485968,97756659410
-----
repeat end
dram
1683484422,4852497326
1683484452,4949044488
package-0
1683484422,36658318385
1683484452,37449893141
package-1
1683484422,35876226943
1683484452,36661572772
-----
dram
1683484453,4951002933
1683484483,5047944789
package-0
1683484453,37466086276
1683484483,38258042562
package-1
1683484453,36677588356
1683484483,37461321396
-----
dram
1683484484,5049933590
1683484514,5146257647
package-0
1683484484,38274465981
1683484514,39066464381
package-1
1683484484,37477634342
1683484514,38260471633
-----
dram
1683484515,5148189165
1683484545,5243701328
package-0
1683484515,39082536667
1683484545,39873878269
package-1
1683484515,38276377598
1683484545,39058100938
-----
dram
1683484546,5245635753
1683484576,5341735236
package-0
1683484546,39889989617
1683484576,40682185892
package-1
1683484546,39074065924
1683484576,39856709612
-----
repeat end
dram
1683484577,5343674465
1683484607,5441261308
package-0
1683484577,40698315428
1683484607,41493039529
package-1
1683484577,39872648353
1683484607,40657721965
-----
dram
1683484608,5443214230
1683484638,5540026097
package-0
1683484608,41509197447
1683484638,42302952190
package-1
1683484608,40673743470
1683484638,41458533209
-----
dram
1683484639,5541998711
1683484669,5638862766
package-0
1683484639,42319300414
1683484669,43114707008
package-1
1683484639,41474646510
1683484669,42259228486
-----
dram
1683484669,5640803036
1683484700,5738739162
package-0
1683484669,43130928524
1683484700,43926534459
package-1
1683484669,42275207998
1683484700,43060575067
-----
dram
1683484700,5740693997
1683484731,5836323587
package-0
1683484700,43942950127
1683484731,44738056429
package-1
1683484700,43076802259
1683484731,43861355610
-----
repeat end
dram
1683484731,5838261546
1683484762,5934825155
package-0
1683484731,44754326346
1683484762,45551698756
package-1
1683484731,43877402016
1683484762,44664384133
-----
dram
1683484762,5936719509
1683484793,6033059540
package-0
1683484762,45567519455
1683484793,46363331199
package-1
1683484762,44679984556
1683484793,45468715753
-----
dram
1683484793,6035018399
1683484824,6131885330
package-0
1683484793,46379533978
1683484824,47177291335
package-1
1683484793,45484710951
1683484824,46271111953
-----
dram
1683484824,6133827604
1683484854,6230227136
package-0
1683484824,47193514438
1683484854,47989066478
package-1
1683484824,46287158604
1683484854,47075965422
-----
dram
1683484855,6232183287
1683484885,6327863520
package-0
1683484855,48005453948
1683484885,48800659554
package-1
1683484855,47092167285
1683484885,47882763284
-----
repeat end
dram
1683484886,6329797134
1683484916,6429249888
package-0
1683484886,48816831449
1683484916,49624469762
package-1
1683484886,47898762510
1683484916,48686136776
-----
dram
1683484917,6431199628
1683484947,6527099401
package-0
1683484917,49640781915
1683484947,50441872943
package-1
1683484917,48702265031
1683484947,49491802927
-----
dram
1683484948,6529013201
1683484978,6626999879
package-0
1683484948,50457926125
1683484978,51261885248
package-1
1683484948,49507682769
1683484978,50295801906
-----
dram
1683484979,6628916556
1683485009,6724975586
package-0
1683484979,51277907851
1683485009,52075973984
package-1
1683484979,50311619065
1683485009,51103494174
-----
dram
1683485010,6726906660
1683485040,6825160537
package-0
1683485010,52092072515
1683485040,52897421405
package-1
1683485010,51119344109
1683485040,51907695546
-----
repeat end
dram
1683485041,6827086638
1683485071,6925258890
package-0
1683485041,52913598732
1683485071,53719574757
package-1
1683485041,51923676401
1683485071,52715264706
-----
dram
1683485072,6927174847
1683485102,7027719455
package-0
1683485072,53735674814
1683485102,54542299336
package-1
1683485072,52731167559
1683485102,53521734627
-----
dram
1683485103,7029633011
1683485133,7129938220
package-0
1683485103,54558377908
1683485133,55361926937
package-1
1683485103,53537642606
1683485133,54331318492
-----
dram
1683485134,7131830753
1683485164,7230335703
package-0
1683485134,55377849016
1683485164,56183048248
package-1
1683485134,54347049164
1683485164,55138727802
-----
dram
1683485164,7232278971
1683485195,7333283451
package-0
1683485164,56199377247
1683485195,57003818486
package-1
1683485164,55154861915
1683485195,55948388998
-----
repeat end
dram
1683485195,7335241132
1683485226,7435763586
package-0
1683485195,57020004663
1683485226,57832844257
package-1
1683485195,55964363810
1683485226,56755782256
-----
dram
1683485226,7437655798
1683485257,7536966598
package-0
1683485226,57848739663
1683485257,58653930534
package-1
1683485226,56771446827
1683485257,57570930926
-----
dram
1683485257,7538954068
1683485288,7639463930
package-0
1683485257,58670462535
1683485288,59480749462
package-1
1683485257,57587240759
1683485288,58382688003
-----
dram
1683485288,7641391822
1683485319,7738740887
package-0
1683485288,59496798981
1683485319,60302539716
package-1
1683485288,58398535435
1683485319,59196221015
-----
dram
1683485319,7740661221
1683485349,7840240919
package-0
1683485319,60318539736
1683485349,61126422007
package-1
1683485319,59212037442
1683485349,60009838867
-----
repeat end
dram
1683485350,7842183039
1683485380,7944330139
package-0
1683485350,61142523833
1683485380,61958183122
package-1
1683485350,60025762471
1683485380,60821811886
-----
dram
1683485381,7946170790
1683485411,8043454050
package-0
1683485381,61973482399
1683485411,62778492545
package-1
1683485381,60836884906
1683485411,61639822914
-----
dram
1683485412,8045397486
1683485442,8144419821
package-0
1683485412,62794574291
1683485442,63602183064
package-1
1683485412,61655708432
1683485442,62457154074
-----
dram
1683485443,8146184814
1683485473,8248589167
package-0
1683485443,63616589582
1683485473,64427543439
package-1
1683485443,62471419235
1683485473,63271206433
-----
dram
1683485474,8250551300
1683485504,8350389201
package-0
1683485474,64443500978
1683485504,65250364391
package-1
1683485474,63286946871
1683485504,64090368887
-----
repeat end
dram
1683485505,8352312794
1683485535,8451954962
package-0
1683485505,65266376801
1683485535,66079754785
package-1
1683485505,64106193919
1683485535,64903960981
-----
dram
1683485536,8453871302
1683485566,8553608299
package-0
1683485536,66095620406
1683485566,66910991366
package-1
1683485536,64919604557
1683485566,65714146346
-----
dram
1683485566,8555487078
1683485597,8654069277
package-0
1683485566,66926622612
1683485597,67737850760
package-1
1683485566,65729575017
1683485597,66530928374
-----
dram
1683485597,8656005997
1683485628,8754357779
package-0
1683485597,67753922008
1683485628,68562584122
package-1
1683485597,66546766468
1683485628,67351712344
-----
dram
1683485628,8756271809
1683485659,8855496883
package-0
1683485628,68578645666
1683485659,69384155567
package-1
1683485628,67367601647
1683485659,68175825225
-----
repeat end
dram
1683485659,8857443349
1683485690,8957051352
package-0
1683485659,69400255318
1683485690,70218976244
package-1
1683485659,68191746693
1683485690,68989249900
-----
dram
1683485690,8958966362
1683485721,9058379489
package-0
1683485690,70234859016
1683485721,71047532656
package-1
1683485690,69004913984
1683485721,69809186400
-----
dram
1683485721,9060322573
1683485751,9158430427
package-0
1683485721,71063711936
1683485751,71877373854
package-1
1683485721,69825175739
1683485751,70625371810
-----
dram
1683485752,9160329386
1683485782,9260301009
package-0
1683485752,71893105503
1683485782,72699034104
package-1
1683485752,70640884100
1683485782,71447557694
-----
dram
1683485783,9262257068
1683485813,9361484530
package-0
1683485783,72715363347
1683485813,73526351505
package-1
1683485783,71463723912
1683485813,72267308891
-----
repeat end
dram
1683485814,9363482771
1683485844,9460425851
package-0
1683485814,73543121726
1683485844,74347420937
package-1
1683485814,72283841259
1683485844,73095163950
-----
dram
1683485845,9462376203
1683485875,9564750446
package-0
1683485845,74363752682
1683485875,75185284087
package-1
1683485845,73111285185
1683485875,73907158026
-----
dram
1683485876,9566659228
1683485906,9667804361
package-0
1683485876,75201229298
1683485906,76013667098
package-1
1683485876,73922901027
1683485906,74721804683
-----
dram
1683485907,9669724037
1683485937,9769434244
package-0
1683485907,76029462712
1683485937,76839237067
package-1
1683485907,74737501542
1683485937,75538996255
-----
dram
1683485938,9771349773
1683485968,9870706367
package-0
1683485938,76855213894
1683485968,77659690533
package-1
1683485938,75554805663
1683485968,76361897347
-----
repeat end
