[168.65, 4933.15, 22648.85, 4595.35]
[0.11567409166666667, 0.009833206666666665, 0.14892408833333334, 0.7255686133333333]
[157.0, 4947.2, 21893.45, 4513.65]
[0.1463552766666667, 0.01006417, 0.14242733166666666, 0.7011532216666666]
[162.4, 4832.85, 21971.6, 4640.15]
[0.12626837666666663, 0.008859660000000002, 0.13967613333333334, 0.7251958299999999]
[171.75, 4957.95, 23447.7, 4630.95]
[0.12608125500000003, 0.008734098333333332, 0.14928181666666665, 0.7159028299999999]
[163.5, 4785.15, 21422.35, 4554.7]
[0.117049145, 0.008510928333333334, 0.1353327283333333, 0.7391071983333334]
repeat end
[338.3, 9835.45, 42356.25, 5615.35]
[0.23273759333333333, 0.015692320000000003, 0.2115155416666667, 0.5400545449999999]
[327.1, 9747.15, 42888.85, 5651.35]
[0.23707411333333334, 0.015941833333333336, 0.2203775166666666, 0.5266065366666667]
[330.4, 9713.8, 41898.75, 5635.0]
[0.23566350000000003, 0.015764396666666666, 0.21376118500000002, 0.5348109183333333]
[330.05, 9751.35, 42011.6, 5599.85]
[0.23931656166666668, 0.01586553833333333, 0.20827271, 0.5365451899999999]
[325.2, 9571.0, 42501.0, 5693.05]
[0.234229795, 0.015402480000000005, 0.21411531333333333, 0.5362524116666666]
repeat end
[496.6, 14863.65, 58545.1, 5515.1]
[0.34224509166666667, 0.022955906666666668, 0.25237503, 0.3824239716666667]
[493.8, 14542.3, 57940.55, 5539.15]
[0.33821735, 0.023036078333333335, 0.2560557116666667, 0.3826908600000001]
[485.55, 14411.9, 56578.7, 5561.2]
[0.3377082616666666, 0.022650558333333334, 0.24832894666666663, 0.39131223333333337]
[492.15, 14704.05, 59025.75, 5453.85]
[0.3484038916666667, 0.02332958166666666, 0.2632434366666666, 0.36502309000000005]
[481.8, 14166.0, 58683.7, 5394.5]
[0.3533527, 0.022560001666666666, 0.25671223833333323, 0.3673750599999999]
repeat end
[667.3, 19090.95, 72059.75, 4244.65]
[0.5153386, 0.027860877419354835, 0.26924351290322585, 0.1875570096774193]
[675.55, 19577.2, 72769.6, 4483.05]
[0.498099956451613, 0.029305291935483868, 0.27746722096774196, 0.19512753064516128]
[666.5, 19707.75, 75432.85, 4388.35]
[0.4856926, 0.028923811290322576, 0.28662237903225807, 0.19876120967741934]
[661.15, 19636.95, 73882.45, 4528.95]
[0.489682320967742, 0.029364579032258066, 0.27389147419354837, 0.20706162580645163]
[647.8, 19206.25, 73076.5, 4427.55]
[0.49639288225806455, 0.028851729032258067, 0.28335069354838704, 0.19140469516129036]
repeat end
[843.75, 24828.35, 86511.65, 2954.3]
[0.581607170967742, 0.03610354516129033, 0.2897817919354838, 0.09250749193548388]
[833.3, 24702.6, 84660.25, 2981.8]
[0.5397342566666666, 0.036558980000000005, 0.2939411333333334, 0.12976563]
[811.7, 23808.6, 83786.65, 2670.5]
[0.5683847016666668, 0.03608792666666666, 0.2816280933333334, 0.11389927833333333]
[833.35, 24123.3, 85569.6, 2698.9]
[0.5630284416666667, 0.03591145833333335, 0.28974736500000003, 0.11131273500000001]
[824.5, 24692.15, 85343.6, 2970.45]
[0.5475782283333334, 0.03659121833333333, 0.29506592499999995, 0.12076462833333332]
repeat end
[948.95, 27756.75, 93240.85, 2096.85]
[0.5846140766666666, 0.04075259666666667, 0.29283236500000004, 0.08180096166666666]
[970.4, 28709.15, 95131.2, 1857.0]
[0.59569818, 0.04221072666666666, 0.29152765166666667, 0.07056344166666667]
[936.45, 27649.7, 91605.05, 1967.55]
[0.5973071883333333, 0.04069400166666667, 0.28641790999999994, 0.07558089999999999]
[862.15, 25342.45, 87474.0, 1739.6]
[0.6281501683333334, 0.03805681833333334, 0.27369243833333334, 0.060100575]
[884.8, 25134.55, 90027.2, 1645.8]
[0.625158155, 0.03757121499999999, 0.27988906333333335, 0.05738156666666666]
repeat end
[878.35, 25199.35, 88862.6, 1772.05]
[0.6200059266666665, 0.037856335000000005, 0.28009934166666667, 0.062038396666666676]
[897.75, 25388.9, 89049.5, 1670.05]
[0.6251364366666665, 0.03827200000000001, 0.277470715, 0.05912084833333335]
[883.3, 24818.15, 88298.8, 1716.25]
[0.6273909216666664, 0.03661316499999999, 0.27756056333333334, 0.05843535000000001]
[906.7, 25810.75, 89956.6, 1707.65]
[0.6206072733333333, 0.038096646666666664, 0.28046661000000006, 0.06082947000000001]
[904.35, 26031.0, 90740.35, 1648.85]
[0.6243604549999999, 0.03816996166666666, 0.2787303366666667, 0.058739246666666675]
repeat end
[885.95, 25607.25, 88976.75, 1788.7]
[0.6230124433333334, 0.03759082, 0.27863180666666665, 0.060764930000000016]
[942.0, 27783.05, 89792.65, 2129.4]
[0.6383927322580646, 0.04008066451612903, 0.276150264516129, 0.04537633870967741]
[903.8, 27310.15, 88618.35, 1897.25]
[0.6557155516129033, 0.03921541129032258, 0.26874436612903224, 0.03632467096774195]
[941.3, 28097.3, 91687.3, 1966.15]
[0.6417893661290324, 0.04024869677419355, 0.27626688387096776, 0.04169505322580645]
[925.65, 27261.7, 89683.6, 1912.0]
[0.6573266741935483, 0.039381162903225804, 0.2718477338709678, 0.03144442903225807]
repeat end
[877.15, 25131.05, 88417.85, 1860.85]
[0.6572371435483871, 0.036315985483870966, 0.27269991612903227, 0.033746954838709674]
[911.4, 27202.6, 89230.0, 1968.4]
[0.6527211612903226, 0.0389315935483871, 0.2725772322580645, 0.035770012903225804]
[928.0, 27911.55, 91460.15, 2086.8]
[0.5916821083333335, 0.04171228666666666, 0.28771965499999996, 0.07888595000000001]
[925.15, 27700.95, 89577.15, 2188.55]
[0.5880914466666667, 0.040282993333333336, 0.2832811783333334, 0.08834438166666667]
[938.75, 27979.3, 92529.1, 2039.35]
[0.58763356, 0.04125020666666666, 0.286349475, 0.08476675833333333]
repeat end
[890.3, 25849.0, 87303.85, 1880.5]
[0.6179514483333333, 0.03817563, 0.2766978833333333, 0.06717503833333334]
[916.55, 27342.85, 89241.6, 1900.55]
[0.6090775566666669, 0.04048829166666666, 0.276645165, 0.0737889866666667]
[948.55, 28223.2, 92951.95, 1916.15]
[0.5945483000000001, 0.04207111, 0.28716320666666667, 0.07621738333333332]
[958.2, 28687.65, 93376.6, 1890.0]
[0.5989951433333333, 0.042004179999999995, 0.29016718333333336, 0.06883349333333334]
[949.95, 28245.05, 93659.15, 1885.3]
[0.5991787749999999, 0.04200379333333334, 0.28808154499999994, 0.07073588666666666]
repeat end
[0.45, 50.6, 642.25, 3213.65]
[0.07049862096774193, 0.003927793548387097, 0.04282040483870968, 0.8827531806451612]
[0.1, 9.75, 578.05, 3032.7]
[0.0713018193548387, 0.0001170758064516129, 0.028258895161290314, 0.9003222096774193]
[0.45, 9.8, 577.7, 2958.05]
[0.007888196951282577, 0.0013394593849645354, 0.02909226936077621, 0.9616800743029768]
[0.2, 10.25, 588.75, 2910.8]
[0.009895240972923163, 0.0003806369482878665, 0.02988868390017075, 0.9598354381786184]
[0.55, 5.95, 544.3, 3004.8]
[0.009075843255472171, 0.00026866132758844406, 0.021413209661686465, 0.9692422857552531]
repeat end
[0.9, 58.85, 998.45, 5044.5]
[0.02045864032930767, 0.0038495631145156173, 0.024688478570953874, 0.9510033179852228]
[0.9, 13.25, 955.15, 4983.8]
[0.016870734556613615, 0.00028150995224356773, 0.023245969466615068, 0.9596017860245276]
[0.55, 14.55, 922.1, 4903.55]
[0.01688865389655351, 0.0006752924533483892, 0.024612252124063934, 0.9578238015260341]
[0.75, 14.15, 937.25, 4931.95]
[0.018688605416372323, 0.0005503615506409874, 0.020900516310165908, 0.9598605167228207]
[1.1, 15.95, 996.6, 4900.55]
[0.017447349499776204, 0.0005176966404797827, 0.027374837081232117, 0.9546601167785116]
repeat end
[1.65, 41.75, 1433.1, 6643.7]
[0.028602206666666668, 0.0016622866666666663, 0.03216740666666666, 0.9375681]
[1.35, 23.15, 1397.85, 6635.6]
[0.029234245, 0.0002269233333333334, 0.028491864999999998, 0.9420469666666665]
[1.1, 19.6, 1401.95, 6680.25]
[0.027966623333333336, 0.00032994000000000003, 0.026432124999999994, 0.9452713116666669]
[1.4, 23.25, 1546.8, 6613.15]
[0.03134825333333334, 0.000265565, 0.03251191, 0.9358742716666667]
[1.25, 21.2, 1458.5, 6516.25]
[0.02900534666666668, 0.0005983233333333332, 0.02877437, 0.9416219600000003]
repeat end
[1.75, 48.85, 2156.15, 7618.95]
[0.038956995, 0.00214723, 0.03966617500000001, 0.9192295999999999]
[1.95, 29.65, 2113.1, 7653.15]
[0.03671386333333333, 0.0006278950000000001, 0.041273796666666675, 0.9213844450000002]
[2.0, 30.9, 2128.2, 7612.15]
[0.04074038166666665, 0.00016482999999999998, 0.03793113833333333, 0.9211636499999999]
[1.75, 25.1, 1959.1, 7746.35]
[0.10108917258064518, 0.0005390516129032258, 0.03483945483870969, 0.863532320967742]
[1.7, 27.2, 2123.45, 7845.9]
[0.10095942419354838, 0.00024254677419354836, 0.04378548387096774, 0.8550125451612904]
repeat end
[2.7, 59.9, 2981.3, 9034.1]
[0.11129190322580644, 0.001850624193548387, 0.05086551612903225, 0.835991956451613]
[2.65, 38.0, 2984.5, 9302.05]
[0.10947349677419353, 0.00020313387096774195, 0.05295096774193549, 0.8373724016129032]
[2.25, 42.75, 2914.3, 8860.4]
[0.1107901870967742, 0.0008757596774193547, 0.04845232903225807, 0.8398817241935482]
[2.5, 37.5, 2965.0, 9258.3]
[0.11147014838709676, 0.0006066225806451613, 0.052678535483870984, 0.8352446935483873]
[2.2, 38.0, 3058.95, 9053.35]
[0.11154518709677422, 0.0003049096774193549, 0.04942760483870967, 0.8387222983870968]
repeat end
[3.4, 61.35, 3695.25, 9873.35]
[0.05490761833333334, 0.0011403600000000002, 0.06642580833333335, 0.8775262133333334]
[3.75, 47.3, 3762.85, 9841.55]
[0.05436447166666665, 0.0010606933333333333, 0.06226861333333335, 0.8823062216666665]
[2.8, 44.4, 3772.65, 9711.05]
[0.05359693166666668, 0.00047523666666666683, 0.065557405, 0.8803704266666668]
[3.2, 42.85, 3722.15, 9505.15]
[0.053741989999999996, 0.0006944983333333334, 0.06301260333333332, 0.8825509083333334]
[3.8, 40.55, 3527.85, 9401.6]
[0.05190405166666666, 0.00042653833333333334, 0.06164956333333334, 0.8860198466666667]
repeat end
[2.45, 43.1, 3244.7, 9517.25]
[0.053175635, 0.00037785499999999997, 0.05900050333333333, 0.8874460066666664]
[2.8, 47.65, 3505.25, 9158.3]
[0.05070229666666666, 0.0007949933333333334, 0.061818156666666665, 0.8866845533333334]
[2.6, 44.4, 3323.9, 9651.05]
[0.052848851666666655, 0.0002654633333333333, 0.06164371166666668, 0.8852419733333334]
[2.6, 45.7, 3748.75, 9081.0]
[0.05143741833333333, 0.0013258183333333335, 0.06189552, 0.8853412433333332]
[2.5, 42.95, 3563.4, 9416.3]
[0.05141762666666666, 0.00032514333333333333, 0.05977733833333333, 0.8884798916666666]
repeat end
[3.15, 44.3, 3330.45, 9586.2]
[0.05402709166666667, 0.0008199633333333333, 0.05614902333333334, 0.8890039216666669]
[3.8, 48.45, 3734.8, 9586.9]
[0.05309349666666667, 0.00033726833333333337, 0.06407904833333333, 0.8824901866666666]
[3.4, 49.25, 3932.95, 9654.3]
[0.055005789999999985, 0.0010840516666666667, 0.06396565166666665, 0.8799445066666666]
[3.35, 42.3, 4074.45, 9383.25]
[0.053789235000000005, 0.0002658049999999999, 0.06628427166666667, 0.8796606883333332]
[3.15, 45.5, 3887.2, 9757.45]
[0.11733356774193548, 0.000503783870967742, 0.061783319354838696, 0.8203793290322581]
repeat end
[2.9, 43.55, 3385.15, 9636.45]
[0.11583740967741937, 0.0001677274193548387, 0.05826241612903227, 0.8257324467741934]
[3.25, 45.4, 3637.55, 9774.3]
[0.11795815322580645, 0.0007662806451612903, 0.06061245967741935, 0.8206631064516129]
[2.5, 45.85, 3876.0, 9478.4]
[0.11652432741935484, 0.00029059354838709676, 0.06822104838709678, 0.8149640306451612]
[3.25, 43.9, 3831.95, 9652.3]
[0.116323385483871, 0.0003376241935483871, 0.06049687258064516, 0.8228421177419355]
[3.55, 45.4, 3754.1, 9985.7]
[0.11590678064516129, 0.0002887016129032258, 0.06305262903225806, 0.8207518887096773]
repeat end
[3.75, 44.5, 3643.9, 9429.3]
[0.11497975645161289, 0.00045051612903225806, 0.06510741290322582, 0.819462314516129]
[3.75, 44.65, 3846.4, 9556.95]
[0.056156101666666645, 0.001166905, 0.06504898833333332, 0.877628005]
[2.95, 47.55, 3852.95, 9727.05]
[0.055851248333333325, 0.0004704883333333333, 0.06154233499999999, 0.8821359283333333]
[3.7, 46.95, 3898.25, 9703.1]
[0.0572996433333333, 0.00048279000000000003, 0.06805522999999998, 0.8741623366666665]
[3.5, 43.3, 3876.35, 9390.85]
[0.05534743166666669, 0.00027865833333333325, 0.06320379833333332, 0.8811701116666665]
repeat end
