dram
1683484425,5025806408
1683484455,5131460772
package-0
1683484425,38712554276
1683484455,39538713538
package-1
1683484425,32774161825
1683484455,33463862513
-----
dram
1683484456,5133284701
1683484486,5246578324
package-0
1683484456,39553734313
1683484486,40469581273
package-1
1683484456,33476212091
1683484486,34351410778
-----
dram
1683484487,5248651857
1683484517,5357381995
package-0
1683484487,40487615772
1683484517,41343436824
package-1
1683484487,34371590109
1683484517,35126687297
-----
dram
1683484518,5359382608
1683484548,5466911268
package-0
1683484518,41359323685
1683484548,42193440080
package-1
1683484518,35140095404
1683484548,35841043378
-----
dram
1683484549,5468808392
1683484579,5576133470
package-0
1683484549,42209101356
1683484579,43047191129
package-1
1683484549,35854171213
1683484579,36585875089
-----
repeat end
dram
1683484580,5578007582
1683484610,5702366885
package-0
1683484580,43062537464
1683484610,43981160296
package-1
1683484580,36598648189
1683484610,37370943392
-----
dram
1683484611,5704333761
1683484641,5830098032
package-0
1683484611,43997177406
1683484641,44931594203
package-1
1683484611,37384327940
1683484641,38185902793
-----
dram
1683484642,5831900801
1683484672,5957692581
package-0
1683484642,44946588976
1683484672,45884667141
package-1
1683484642,38198651906
1683484672,38997382039
-----
dram
1683484673,5959830879
1683484703,6086644011
package-0
1683484673,45901746993
1683484703,46845416635
package-1
1683484673,39012104352
1683484703,39833672012
-----
dram
1683484704,6088497330
1683484734,6212443120
package-0
1683484704,46861138763
1683484734,47784531479
package-1
1683484704,39846807842
1683484734,40624393010
-----
repeat end
dram
1683484735,6214273398
1683484765,6359062331
package-0
1683484735,47799771247
1683484765,48831150199
package-1
1683484735,40636951633
1683484765,41530076055
-----
dram
1683484766,6360912805
1683484796,6502576607
package-0
1683484766,48847231151
1683484796,49870657426
package-1
1683484766,41543008395
1683484796,42411494941
-----
dram
1683484797,6504370501
1683484827,6644035786
package-0
1683484797,49886485937
1683484827,50912985507
package-1
1683484797,42424595555
1683484827,43315290723
-----
dram
1683484828,6645901682
1683484858,6788864178
package-0
1683484828,50929324088
1683484858,51983078531
package-1
1683484828,43328411112
1683484858,44255128894
-----
dram
1683484858,6790875593
1683484889,6934645577
package-0
1683484858,51999842282
1683484889,53034879428
package-1
1683484858,44268899183
1683484889,45165856237
-----
repeat end
dram
1683484889,6936611444
1683484920,7100203297
package-0
1683484889,53050401361
1683484920,54170939691
package-1
1683484889,45180261840
1683484920,46175860732
-----
dram
1683484920,7102030607
1683484951,7267722875
package-0
1683484920,54187446484
1683484951,55346749852
package-1
1683484920,46189226909
1683484951,47243487454
-----
dram
1683484951,7269619401
1683484982,7427524658
package-0
1683484951,55363552421
1683484982,56477115366
package-1
1683484951,47257140618
1683484982,48185773677
-----
dram
1683484982,7429481926
1683485013,7590770242
package-0
1683484982,56493635588
1683485013,57608599775
package-1
1683484982,48199677817
1683485013,49135089118
-----
dram
1683485013,7592654238
1683485044,7753120806
package-0
1683485013,57625155762
1683485044,58777238751
package-1
1683485013,49148841097
1683485044,50169038803
-----
repeat end
dram
1683485044,7755494555
1683485075,7928073567
package-0
1683485044,58794992672
1683485075,59992757062
package-1
1683485044,50187183959
1683485075,51200254791
-----
dram
1683485075,7930344699
1683485105,8112684025
package-0
1683485075,60010634092
1683485105,61227571345
package-1
1683485075,51218397506
1683485105,52304665782
-----
dram
1683485106,8114589702
1683485136,8293866472
package-0
1683485106,61244039687
1683485136,62437064892
package-1
1683485106,52318228796
1683485136,53399412247
-----
dram
1683485137,8296107999
1683485167,8477159570
package-0
1683485137,62454916714
1683485167,63655065985
package-1
1683485137,53414402077
1683485167,54501223269
-----
dram
1683485168,8479325162
1683485198,8657826024
package-0
1683485168,63673370687
1683485198,64883261022
package-1
1683485168,54517348533
1683485198,55586098055
-----
repeat end
dram
1683485199,8659645531
1683485229,8841731229
package-0
1683485199,64898543209
1683485229,66128428794
package-1
1683485199,55598967712
1683485229,56642350112
-----
dram
1683485230,8843568085
1683485260,9028659698
package-0
1683485230,66143854719
1683485260,67388745575
package-1
1683485230,56655240338
1683485260,57695862857
-----
dram
1683485261,9030777524
1683485291,9220476670
package-0
1683485261,67406403611
1683485291,68654738550
package-1
1683485261,57710446071
1683485291,58772592400
-----
dram
1683485292,9222604517
1683485322,9416871631
package-0
1683485292,68671107465
1683485322,69940116973
package-1
1683485292,58787330888
1683485322,59955010394
-----
dram
1683485323,9419275017
1683485353,9619440541
package-0
1683485323,69957813217
1683485353,71204927028
package-1
1683485323,59971533667
1683485353,61094332794
-----
repeat end
dram
1683485354,9621611182
1683485384,9817848386
package-0
1683485354,71221772871
1683485384,72462809062
package-1
1683485354,61110054007
1683485384,62226463929
-----
dram
1683485385,9820046307
1683485415,10018630362
package-0
1683485385,72479343749
1683485415,73712053178
package-1
1683485385,62241773766
1683485415,63353778365
-----
dram
1683485416,10020846246
1683485446,10219258604
package-0
1683485416,73730183442
1683485446,74984546686
package-1
1683485416,63374025811
1683485446,64517290523
-----
dram
1683485447,10221435366
1683485477,10415624634
package-0
1683485447,74999985367
1683485477,76224654778
package-1
1683485447,64532073261
1683485477,65637216306
-----
dram
1683485478,10417693071
1683485508,10613586055
package-0
1683485478,76240285781
1683485508,77459956059
package-1
1683485478,65651509727
1683485508,66738945908
-----
repeat end
dram
1683485509,10615874889
1683485539,10811727083
package-0
1683485509,77477570211
1683485539,78699560735
package-1
1683485509,66753737068
1683485539,67878671078
-----
dram
1683485539,10814132014
1683485570,11005379306
package-0
1683485539,78717050070
1683485570,79959526565
package-1
1683485539,67899093694
1683485570,68998341674
-----
dram
1683485570,11007265933
1683485601,11203691587
package-0
1683485570,79975946139
1683485601,81251219852
package-1
1683485570,69012230188
1683485601,70176357640
-----
dram
1683485601,11205533844
1683485632,11395103843
package-0
1683485601,81267405541
1683485632,82524427958
package-1
1683485601,70189462282
1683485632,71297395053
-----
dram
1683485632,11397305957
1683485663,11589108149
package-0
1683485632,82542099421
1683485663,83815663361
package-1
1683485632,71315644335
1683485663,72487191385
-----
repeat end
dram
1683485663,11591460509
1683485694,11783994760
package-0
1683485663,83833928512
1683485694,85070723685
package-1
1683485663,72503595518
1683485694,73617595107
-----
dram
1683485694,11786245513
1683485725,11984062288
package-0
1683485694,85087116649
1683485725,86380063046
package-1
1683485694,73633144872
1683485725,74800572548
-----
dram
1683485725,11986328677
1683485755,12177549684
package-0
1683485725,86398840830
1683485755,87664907596
package-1
1683485725,74820442126
1683485755,75889741817
-----
dram
1683485756,12179545385
1683485786,12371003817
package-0
1683485756,87682265462
1683485786,88937973490
package-1
1683485756,75903860739
1683485786,76982749517
-----
dram
1683485787,12372890261
1683485817,12567577176
package-0
1683485787,88954016051
1683485817,90189105174
package-1
1683485787,76996008944
1683485817,78027966629
-----
repeat end
dram
1683485818,12569427023
1683485848,12769596846
package-0
1683485818,90205022492
1683485848,91434690426
package-1
1683485818,78041213727
1683485848,79167968594
-----
dram
1683485849,12771991495
1683485879,12975238011
package-0
1683485849,91452397900
1683485879,92720039247
package-1
1683485849,79184581527
1683485879,80331741921
-----
dram
1683485880,12977292495
1683485910,13169813711
package-0
1683485880,92737083759
1683485910,93956219005
package-1
1683485880,80345520206
1683485910,81388954180
-----
dram
1683485911,13171992875
1683485941,13364796681
package-0
1683485911,93973579312
1683485941,95208665261
package-1
1683485911,81403428630
1683485941,82445857846
-----
dram
1683485942,13366641188
1683485972,13561203852
package-0
1683485942,95224608275
1683485972,96463882202
package-1
1683485942,82459154260
1683485972,83522503344
-----
repeat end
dram
1683484425,4227381080
1683484456,4310848485
package-0
1683484425,40221614500
1683484456,41067815764
package-1
1683484425,31967734202
1683484456,32636330208
-----
dram
1683484456,4312509362
1683484487,4395737950
package-0
1683484456,41084941453
1683484487,41928162194
package-1
1683484456,32649734958
1683484487,33315249917
-----
dram
1683484487,4397428508
1683484517,4480294593
package-0
1683484487,41945343181
1683484517,42791654247
package-1
1683484487,33328759282
1683484517,33991449236
-----
dram
1683484518,4481980454
1683484548,4564627413
package-0
1683484518,42808759794
1683484548,43657400810
package-1
1683484518,34004794783
1683484548,34665382508
-----
dram
1683484549,4566434741
1683484579,4649585559
package-0
1683484549,43675508246
1683484579,44520661478
package-1
1683484549,34679578029
1683484579,35343308507
-----
repeat end
dram
1683484580,4651317090
1683484610,4734848221
package-0
1683484580,44538255427
1683484610,45393629885
package-1
1683484580,35357148010
1683484610,36028704824
-----
dram
1683484611,4736599933
1683484641,4820082241
package-0
1683484611,45411399676
1683484641,46264227388
package-1
1683484611,36042607315
1683484641,36713619941
-----
dram
1683484642,4821813069
1683484672,4905584379
package-0
1683484642,46281679736
1683484672,47133425846
package-1
1683484642,36727334078
1683484672,37400340167
-----
dram
1683484673,4907334943
1683484703,4991206988
package-0
1683484673,47150804098
1683484703,48002826819
package-1
1683484673,37414009383
1683484703,38086748628
-----
dram
1683484704,4992931681
1683484734,5076911407
package-0
1683484704,48020132256
1683484734,48875412354
package-1
1683484704,38100257016
1683484734,38772000047
-----
repeat end
dram
1683484735,5078647712
1683484765,5163681440
package-0
1683484735,48892805681
1683484765,49758144042
package-1
1683484735,38785703564
1683484765,39466530435
-----
dram
1683484766,5165427339
1683484796,5249894355
package-0
1683484766,49775661392
1683484796,50635441967
package-1
1683484766,39480342594
1683484796,40163156642
-----
dram
1683484797,5251596877
1683484827,5336409643
package-0
1683484797,50652574125
1683484827,51511957728
package-1
1683484797,40176752066
1683484827,40859231215
-----
dram
1683484828,5338169755
1683484858,5422576749
package-0
1683484828,51529544902
1683484858,52388326334
package-1
1683484828,40873018777
1683484858,41554594364
-----
dram
1683484859,5424286815
1683484889,5508277786
package-0
1683484859,52405576717
1683484889,53264326167
package-1
1683484859,41568191619
1683484889,42250679801
-----
repeat end
dram
1683484890,5509997812
1683484920,5594071404
package-0
1683484890,53281561535
1683484920,54151953350
package-1
1683484890,42264294635
1683484920,42949439975
-----
dram
1683484921,5595801758
1683484951,5680132481
package-0
1683484921,54169463925
1683484951,55041277551
package-1
1683484921,42963256041
1683484951,43646527668
-----
dram
1683484952,5681860081
1683484982,5766255233
package-0
1683484952,55058748270
1683484982,55932752441
package-1
1683484952,43660333969
1683484982,44341218883
-----
dram
1683484982,5767987116
1683485013,5852601532
package-0
1683484982,55950304154
1683485013,56824342566
package-1
1683484982,44354953955
1683485013,45038324337
-----
dram
1683485013,5854334441
1683485044,5939147344
package-0
1683485013,56841889152
1683485044,57715924451
package-1
1683485013,45052081870
1683485044,45737842627
-----
repeat end
dram
1683485044,5940813973
1683485075,6025864424
package-0
1683485044,57732958221
1683485075,58618387473
package-1
1683485044,45751159793
1683485075,46440790779
-----
dram
1683485075,6027608899
1683485106,6112559946
package-0
1683485075,58635924415
1683485106,59521155547
package-1
1683485075,46454495089
1683485106,47145272923
-----
dram
1683485106,6114318849
1683485137,6199087061
package-0
1683485106,59539007064
1683485137,60421591780
package-1
1683485106,47159233764
1683485137,47847379768
-----
dram
1683485137,6200831583
1683485168,6285651707
package-0
1683485137,60439354552
1683485168,61320304872
package-1
1683485137,47861245333
1683485168,48556286706
-----
dram
1683485168,6287373294
1683485199,6372339503
package-0
1683485168,61337696612
1683485199,62222548961
package-1
1683485168,48569864125
1683485199,49261098500
-----
repeat end
dram
1683485199,6374020346
1683485229,6459155100
package-0
1683485199,62239721342
1683485229,63133740171
package-1
1683485199,49274497941
1683485229,49968955819
-----
dram
1683485230,6460853981
1683485260,6545712738
package-0
1683485230,63150883926
1683485260,64044506211
package-1
1683485230,49982387852
1683485260,50674726351
-----
dram
1683485261,6547431663
1683485291,6631918018
package-0
1683485261,64062006533
1683485291,64954505591
package-1
1683485261,50688480588
1683485291,51383195973
-----
dram
1683485292,6633653267
1683485322,6719117491
package-0
1683485292,64972097098
1683485322,65860924413
package-1
1683485292,51397067886
1683485322,52093594423
-----
dram
1683485323,6720871743
1683485353,6806172043
package-0
1683485323,65878494436
1683485353,66763369978
package-1
1683485323,52107459255
1683485353,52807580693
-----
repeat end
dram
1683485354,6807904080
1683485384,6893296149
package-0
1683485354,66780948791
1683485384,67671785133
package-1
1683485354,52821373688
1683485384,53515044214
-----
dram
1683485385,6895026839
1683485415,6980463064
package-0
1683485385,67689185540
1683485415,68575023483
package-1
1683485385,53528963368
1683485415,54226281285
-----
dram
1683485416,6982184146
1683485446,7067844072
package-0
1683485416,68592277101
1683485446,69477695793
package-1
1683485416,54239876709
1683485446,54938453717
-----
dram
1683485447,7069550145
1683485477,7154965134
package-0
1683485447,69494979929
1683485477,70386817795
package-1
1683485447,54951984993
1683485477,55640500443
-----
dram
1683485478,7156693712
1683485508,7241579826
package-0
1683485478,70404309510
1683485508,71294806437
package-1
1683485478,55654167766
1683485508,56346919594
-----
repeat end
dram
1683485509,7243311847
1683485539,7328525809
package-0
1683485509,71312176937
1683485539,72193450987
package-1
1683485509,56360582401
1683485539,57059567855
-----
dram
1683485540,7330277231
1683485570,7415590138
package-0
1683485540,72211054519
1683485570,73103716357
package-1
1683485540,57073347666
1683485570,57766837529
-----
dram
1683485571,7417332303
1683485601,7502850215
package-0
1683485571,73121323429
1683485601,74010893173
package-1
1683485571,57780656158
1683485601,58474054956
-----
dram
1683485602,7504580492
1683485632,7589571410
package-0
1683485602,74028335267
1683485632,74915210560
package-1
1683485602,58487652151
1683485632,59184777258
-----
dram
1683485632,7591237825
1683485663,7676443479
package-0
1683485632,74932254828
1683485663,75821481860
package-1
1683485632,59198161379
1683485663,59892053340
-----
repeat end
dram
1683485663,7678124444
1683485694,7763770310
package-0
1683485663,75838609929
1683485694,76727070973
package-1
1683485663,59905629844
1683485694,60598243061
-----
dram
1683485694,7765501673
1683485725,7851190960
package-0
1683485694,76744468267
1683485725,77633686205
package-1
1683485694,60611896713
1683485725,61306924902
-----
dram
1683485725,7852906886
1683485756,7937706539
package-0
1683485725,77651136661
1683485756,78541636457
package-1
1683485725,61320603150
1683485756,62016295400
-----
dram
1683485756,7939448720
1683485787,8025164598
package-0
1683485756,78559368345
1683485787,79445642138
package-1
1683485756,62030196365
1683485787,62728240050
-----
dram
1683485787,8026924022
1683485818,8112351709
package-0
1683485787,79463335635
1683485818,80353255110
package-1
1683485787,62742137170
1683485818,63443049438
-----
repeat end
dram
1683485818,8114046812
1683485849,8199483251
package-0
1683485818,80370553223
1683485849,81260582377
package-1
1683485818,63456630580
1683485849,64154924935
-----
dram
1683485849,8201208295
1683485879,8286735142
package-0
1683485849,81277959408
1683485879,82170473175
package-1
1683485849,64168606785
1683485879,64866314166
-----
dram
1683485880,8288494015
1683485910,8374490327
package-0
1683485880,82187967881
1683485910,83075152927
package-1
1683485880,64879945357
1683485910,65583290724
-----
dram
1683485911,8376254861
1683485941,8462080961
package-0
1683485911,83092786488
1683485941,83985445030
package-1
1683485911,65597048379
1683485941,66297607072
-----
dram
1683485942,8463826431
1683485972,8549753954
package-0
1683485942,84002807657
1683485972,84895786206
package-1
1683485942,66311140118
1683485972,67007655791
-----
repeat end
