[174.35, 33707.2]
[0.12315708666666669, 0.8768429133333333]
[160.8, 31353.95]
[0.15005789166666664, 0.8499421083333333]
[179.95, 33527.5]
[0.1303149883333333, 0.8696850116666667]
[163.05, 33521.55]
[0.12436019833333337, 0.8756398016666667]
[171.9, 33632.85]
[0.13352278166666665, 0.8664772183333331]
repeat end
[346.5, 60112.25]
[0.24908420833333328, 0.7509157916666667]
[341.05, 59518.6]
[0.2736705548387096, 0.7263294451612903]
[358.75, 61410.8]
[0.2743592870967742, 0.7256407129032257]
[342.4, 59171.55]
[0.27172422419354836, 0.7282757758064516]
[340.3, 60931.95]
[0.2678632161290323, 0.7321367838709676]
repeat end
[538.1, 84819.0]
[0.36535936499999994, 0.634640635]
[531.7, 85286.5]
[0.3538730866666666, 0.6461269133333334]
[525.3, 83236.1]
[0.35863987333333325, 0.6413601266666668]
[521.1, 80361.05]
[0.37478894333333324, 0.6252110566666667]
[516.75, 81546.9]
[0.372248655, 0.627751345]
repeat end
[705.3, 99298.2]
[0.487867645, 0.512132355]
[721.1, 101682.75]
[0.45931414833333334, 0.5406858516666666]
[708.6, 100779.3]
[0.4525917466666666, 0.5474082533333333]
[725.3, 101812.05]
[0.4569248683333333, 0.5430751316666667]
[717.65, 99895.8]
[0.4691797049999999, 0.530820295]
repeat end
[896.15, 118052.25]
[0.5726567854838709, 0.427343214516129]
[926.45, 115916.75]
[0.5733067967741936, 0.42669320322580645]
[857.3, 111192.5]
[0.5991602129032259, 0.4008397870967741]
[896.95, 116726.3]
[0.5781214661290323, 0.42187853387096774]
[893.25, 115541.6]
[0.55793314, 0.44206686]
repeat end
[1055.75, 124767.3]
[0.64775466, 0.35224534]
[1051.7, 128761.35]
[0.634560155, 0.365439845]
[1049.3, 121132.9]
[0.6578713916666666, 0.3421286083333333]
[1011.0, 120393.55]
[0.6651404083333335, 0.3348595916666667]
[1059.7, 126536.95]
[0.6362373450000001, 0.36376265500000005]
repeat end
[1195.5, 130322.3]
[0.6950565400000002, 0.30494346]
[1151.9, 125481.7]
[0.7053551433333333, 0.2946448566666667]
[1095.95, 120495.2]
[0.7116382716666666, 0.28836172833333334]
[1091.15, 117302.65]
[0.7210506616666666, 0.2789493383333334]
[1083.65, 115990.65]
[0.7318656000000001, 0.2681344]
repeat end
[1054.35, 117101.1]
[0.7335154903225807, 0.2664845096774193]
[1099.7, 118622.0]
[0.7377639080645161, 0.2622360919354839]
[1087.0, 115935.1]
[0.7404591935483871, 0.25954080645161287]
[1093.75, 117985.65]
[0.7287789716666667, 0.2712210283333334]
[1074.4, 116840.4]
[0.7289244650000001, 0.271075535]
repeat end
[1057.6, 115983.6]
[0.732079715, 0.26792028500000004]
[1083.2, 116630.95]
[0.71786332, 0.28213668]
[1096.75, 114173.2]
[0.727372805, 0.27262719499999993]
[1114.35, 125541.6]
[0.6815512266666668, 0.3184487733333334]
[1189.15, 125603.85]
[0.7145699883333334, 0.2854300116666667]
repeat end
[1163.1, 120935.05]
[0.7346889266666667, 0.2653110733333333]
[1198.65, 127971.7]
[0.7268691629032256, 0.2731308370967742]
[1148.5, 121347.0]
[0.7359570129032258, 0.26404298709677415]
[1177.35, 120560.0]
[0.7422527596774193, 0.2577472403225806]
[1211.1, 127000.25]
[0.731893814516129, 0.268106185483871]
repeat end
[0.0, 0.25, 16.4, 681.7]
[0.018610118615660604, 8.479725368537425e-08, 0.00979113654514965, 0.971598660041936]
[0.0, 1.7, 11.6, 528.2]
[0.01932357533761314, 0.01063603201243525, 0.004109732588812828, 0.9659306600611386]
[0.0, 0.65, 12.15, 626.6]
[0.016492420693189513, 0.006258193759060343, 0.00011552101964613854, 0.9771338645281041]
[0.0, 1.75, 45.15, 563.9]
[0.016345140330913877, 0.024903325079342294, 0.021016175751391836, 0.9377353588383521]
[0.0, 0.35, 7.1, 580.2]
[0.017353524476008502, 0.0001091329474673019, 5.905618546318002e-05, 0.9824782863910609]
repeat end
[0.0, 0.55, 66.25, 892.7]
[0.008959534916731616, 9.319082544787662e-06, 0.01698566025017679, 0.974045485750547]
[0.0, 0.75, 27.55, 783.3]
[0.010555253111962454, 0.0056516123291549935, 0.01015672905408441, 0.9736364055047982]
[0.0, 0.4, 28.3, 581.05]
[0.013965005513247803, 1.544541328006812e-05, 0.012543508452343536, 0.9734760406211285]
[0.0, 1.35, 47.75, 921.95]
[0.05902549029356228, 0.009140970331984319, 0.011918427926169258, 0.9199151114482843]
[0.0, 0.25, 22.0, 819.05]
[0.06688983167043283, 7.348387096774193e-06, 0.015449771072602054, 0.9176530488698683]
repeat end
[0.0, 2.4, 65.9, 1153.05]
[0.06194738749066384, 0.03893392138206171, 0.03096903055485517, 0.8681496605724194]
[0.0, 0.15, 10.5, 897.3]
[0.05276677533796289, 6.451612903225806e-08, 0.0012909083586681107, 0.9459422517872399]
[0.0, 1.4, 42.95, 1228.35]
[0.0609439723790698, 0.04467002560421834, 0.004749409482677222, 0.8896365925340346]
[0.0, 0.4, 30.3, 1161.6]
[0.020082656626313932, 0.0020606, 0.0014642343219124542, 0.9763925090517735]
[0.05, 1.95, 63.95, 1143.05]
[0.01019617601606811, 0.011597065057983488, 0.012268596631492054, 0.9659381622944565]
repeat end
[0.0, 0.8, 50.7, 1417.3]
[0.010127508930340857, 0.015624212772497315, 0.009835411579093544, 0.9644128667180685]
[0.0, 1.5, 71.4, 1223.85]
[0.020837693700165416, 0.036433187653727175, 0.02838373120014289, 0.9143453874459645]
[0.05, 0.8, 49.5, 1267.1]
[0.012943078692799476, 3.311269656702166e-05, 0.019583166346430786, 0.9674406422642028]
[0.0, 1.25, 29.0, 1227.75]
[0.012271550076654819, 0.019325581767489334, 0.015529078924953574, 0.9528737892309025]
[0.0, 0.4, 53.7, 1064.15]
[0.014243901683635086, 1.5072184367637262e-07, 0.009055928970037399, 0.976700018624484]
repeat end
[0.05, 1.0, 94.05, 1508.45]
[0.009241250797858142, 2.8616666666666667e-06, 0.007340303659110386, 0.9834155838763646]
[0.0, 0.75, 62.15, 1092.1]
[0.014571841004094, 0.007715666316379091, 0.0025690251152295897, 0.9751434675642974]
[0.05, 1.95, 77.95, 1513.45]
[0.05816224684464024, 0.013147084331509327, 0.005242019393629839, 0.9234486494302205]
[0.0, 1.2, 161.65, 1286.2]
[0.06930694556924001, 0.004650421933122087, 0.021204685040006013, 0.9048379474576317]
[0.0, 1.5, 79.9, 1624.0]
[0.07613586603268173, 0.00020307903225806446, 0.005002475660308306, 0.9186585792747518]
repeat end
[0.05, 1.6, 142.2, 1347.4]
[0.061915979090136776, 8.339105707996791e-05, 0.02316410037451179, 0.9148365294782714]
[0.1, 1.55, 123.8, 1612.15]
[0.0561053025299925, 0.02109402458743281, 0.012889667111423208, 0.9099110057711514]
[0.05, 1.1, 187.35, 1610.2]
[0.01773136404503668, 0.015026483504599158, 0.024057139969831727, 0.9431850124805324]
[0.05, 1.0, 156.8, 1621.95]
[0.01706203358423734, 1.9572141148114388e-05, 0.0206822226606443, 0.96223617161397]
[0.1, 1.25, 142.6, 1766.15]
[0.011593765565431197, 2.512387802104926e-05, 0.008480017492119836, 0.9799010930644281]
repeat end
[0.05, 1.7, 267.3, 1855.4]
[0.014914265362317141, 0.0001036901811541479, 0.03891091153503724, 0.9460711329214913]
[0.1, 3.15, 219.65, 1874.4]
[0.0178632530794114, 0.014576208841511073, 0.02099296075184145, 0.9465675773272363]
[0.1, 1.9, 240.15, 1662.5]
[0.015657375380903966, 0.001178119943581989, 0.019267553534450133, 0.9638969511410638]
[0.1, 2.35, 163.15, 1663.45]
[0.01212454691097128, 0.03989450880689633, 0.0119107613944579, 0.9360701828876745]
[0.1, 1.4, 192.05, 1814.75]
[0.015076329349013751, 0.01495810854423824, 0.009116935788753866, 0.9608486263179943]
repeat end
[0.0, 2.45, 220.7, 1836.9]
[0.020082416533211384, 1.1899467511975553e-05, 0.014053154615719834, 0.9658525293835568]
[0.1, 1.55, 235.55, 1769.7]
[0.0640474377151435, 8.041195802651235e-06, 0.03146704135904457, 0.9044774797300091]
[0.0, 1.6, 112.4, 1794.35]
[0.05844443017896672, 0.03229374209578909, 0.016847891447891984, 0.8924139362773523]
[0.0, 1.3, 198.85, 1865.35]
[0.07766520806451613, 1.4046774193548385e-05, 0.03248074838709678, 0.8898399967741935]
[0.05, 1.85, 183.45, 1992.05]
[0.022519975692138577, 0.02080436599497, 0.009760436792452325, 0.946915221520439]
repeat end
[0.05, 1.8, 221.3, 1914.35]
[0.015075696815930278, 0.027417976092782136, 0.01439509479771849, 0.9431112322935693]
[0.0, 5.1, 127.6, 1950.0]
[0.01441611762577214, 0.028883266599420605, 0.07093843779824949, 0.8857621779765579]
[0.0, 1.85, 163.05, 2056.65]
[0.01821887966699013, 0.026755788557173067, 0.029693397434532393, 0.9253319343413043]
[0.2, 2.8, 118.0, 1710.05]
[0.016032780238580995, 0.028110973415936286, 0.011951440930139763, 0.9439048054153429]
[0.0, 0.8, 324.3, 1730.7]
[0.017793709246112184, 9.570439159729055e-07, 0.051533808251601435, 0.9306715254583704]
repeat end
[0.1, 3.0, 273.1, 2212.8]
[0.02093343380133788, 2.80258356716042e-05, 0.010181064822298141, 0.9688574755406923]
[0.15, 1.6, 150.5, 1946.05]
[0.010771543046186199, 0.0007820221587719886, 0.009861507068519916, 0.978584927726522]
[0.1, 2.9, 389.35, 2095.55]
[0.06571525552492251, 6.72144123634913e-05, 0.03485606197873097, 0.8993614680839832]
[0.2, 2.9, 430.3, 2141.4]
[0.06182335806557278, 0.03274099036036525, 0.05000116063850293, 0.8554344909355589]
[0.1, 2.0, 174.45, 1922.45]
[0.06458823225806454, 3.335483870967742e-05, 0.009472735483870967, 0.9259056774193549]
repeat end
