dram
1683306051,3884086228
1683306081,3984513424
package-0
1683306051,27188206521
1683306081,28005993428
package-1
1683306051,28635349117
1683306081,29502254246
-----
dram
1683306082,3986527256
1683306112,4094743054
package-0
1683306082,28022514871
1683306112,28907314302
package-1
1683306082,29519715078
1683306112,30524747356
-----
dram
1683306113,4096767244
1683306143,4200281169
package-0
1683306113,28925796860
1683306143,29759556933
package-1
1683306113,30547335372
1683306143,31446605104
-----
dram
1683306144,4201931580
1683306174,4303041890
package-0
1683306144,29774512827
1683306174,30589621519
package-1
1683306144,31462588583
1683306174,32325034496
-----
dram
1683306175,4304687374
1683306205,4408683157
package-0
1683306175,30604642416
1683306205,31438942526
package-1
1683306175,32341120758
1683306205,33240738328
-----
repeat end
dram
1683306206,4410345441
1683306236,4531007682
package-0
1683306206,31454053754
1683306236,32336765667
package-1
1683306206,33256915838
1683306236,34182805558
-----
dram
1683306236,4532676744
1683306267,4653915887
package-0
1683306236,32351945682
1683306267,33242240094
package-1
1683306236,34199073643
1683306267,35150433391
-----
dram
1683306267,4655596546
1683306298,4774613517
package-0
1683306267,33257545109
1683306298,34142919796
package-1
1683306267,35166808410
1683306298,36107903962
-----
dram
1683306298,4776259981
1683306329,4897346078
package-0
1683306298,34158102069
1683306329,35057466038
package-1
1683306298,36124088125
1683306329,37083424536
-----
dram
1683306329,4898962998
1683306360,5019364007
package-0
1683306329,35072440304
1683306360,35953095154
package-1
1683306329,37099449092
1683306360,38023759836
-----
repeat end
dram
1683306360,5020977560
1683306390,5165581318
package-0
1683306360,35967839501
1683306390,36936742966
package-1
1683306360,38039482269
1683306390,39060163006
-----
dram
1683306391,5167365145
1683306421,5302937511
package-0
1683306391,36952340582
1683306421,37903942333
package-1
1683306391,39076723754
1683306421,40078072875
-----
dram
1683306422,5304599887
1683306452,5444954590
package-0
1683306422,37919300509
1683306452,38882807869
package-1
1683306422,40094504474
1683306452,41120069842
-----
dram
1683306453,5446653242
1683306483,5590173683
package-0
1683306453,38898250762
1683306483,39896091713
package-1
1683306453,41136585302
1683306483,42247390930
-----
dram
1683306484,5592126942
1683306514,5735044258
package-0
1683306484,39913938225
1683306514,40901553494
package-1
1683306484,42269320928
1683306514,43363346142
-----
repeat end
dram
1683306515,5737033135
1683306545,5898685744
package-0
1683306515,40918312180
1683306545,41943714279
package-1
1683306515,43382756493
1683306545,44510573918
-----
dram
1683306546,5900338053
1683306576,6060749327
package-0
1683306546,41959003485
1683306576,42979280658
package-1
1683306546,44526813318
1683306576,45611917657
-----
dram
1683306577,6062432862
1683306607,6217689933
package-0
1683306577,42994819681
1683306607,44010376713
package-1
1683306577,45628409558
1683306607,46689383038
-----
dram
1683306608,6219343236
1683306638,6377074945
package-0
1683306608,44025618251
1683306638,45040788381
package-1
1683306608,46705667908
1683306638,47767335723
-----
dram
1683306639,6378737871
1683306669,6535507577
package-0
1683306639,45055951367
1683306669,46109527955
package-1
1683306639,47783772082
1683306669,48921781864
-----
repeat end
dram
1683306669,6537547174
1683306700,6707437548
package-0
1683306669,46127665543
1683306700,47223571123
package-1
1683306669,48944086677
1683306700,50089240606
-----
dram
1683306700,6709324267
1683306731,6883481260
package-0
1683306700,47239364052
1683306731,48357992475
package-1
1683306700,50108176288
1683306731,51313275131
-----
dram
1683306731,6885734644
1683306762,7064084694
package-0
1683306731,48375492918
1683306762,49472315367
package-1
1683306731,51332054014
1683306762,52534863130
-----
dram
1683306762,7065855562
1683306793,7239356919
package-0
1683306762,49487020651
1683306793,50585427812
package-1
1683306762,52552146655
1683306793,53714767641
-----
dram
1683306793,7240983723
1683306823,7413559751
package-0
1683306793,50600920082
1683306823,51715258904
package-1
1683306793,53732298297
1683306823,54914986126
-----
repeat end
dram
1683306824,7415207668
1683306854,7605951973
package-0
1683306824,51730805068
1683306854,52902028388
package-1
1683306824,54931690001
1683306854,56171726439
-----
dram
1683306855,7608406445
1683306885,7790414281
package-0
1683306855,52918452296
1683306885,54073657896
package-1
1683306855,56194142519
1683306885,57400273159
-----
dram
1683306886,7792097388
1683306916,7983910489
package-0
1683306886,54089215474
1683306916,55256797751
package-1
1683306886,57416973190
1683306916,58692379166
-----
dram
1683306917,7985769623
1683306947,8177352994
package-0
1683306917,55272242291
1683306947,56436368645
package-1
1683306917,58710642058
1683306947,59999217800
-----
dram
1683306948,8178991992
1683306978,8374244716
package-0
1683306948,56451678115
1683306978,57608373945
package-1
1683306948,60015714889
1683306978,61205993824
-----
repeat end
dram
1683306979,8376311976
1683307009,8580673250
package-0
1683306979,57625881713
1683307009,58838574592
package-1
1683306979,61226855343
1683307009,62463994022
-----
dram
1683307010,8582313073
1683307040,8780268176
package-0
1683307010,58854133512
1683307040,60083600213
package-1
1683307010,62480717917
1683307040,63772740305
-----
dram
1683307041,8781911992
1683307071,8987669024
package-0
1683307041,60099583083
1683307071,61306015968
package-1
1683307041,63789933865
1683307071,65115179801
-----
dram
1683307072,8991734708
1683307102,9192623142
package-0
1683307072,61330071388
1683307102,62522689733
package-1
1683307072,65141012865
1683307102,66460456874
-----
dram
1683307102,9196658991
1683307133,9398361339
package-0
1683307102,62545823830
1683307133,63732454032
package-1
1683307102,66486607625
1683307133,67836223372
-----
repeat end
dram
1683307133,9402654688
1683307164,9606423607
package-0
1683307133,63757139515
1683307164,64941654671
package-1
1683307133,67863675389
1683307164,69219745404
-----
dram
1683307164,9610523089
1683307195,9815077800
package-0
1683307164,64964678599
1683307195,66167098739
package-1
1683307164,69246970859
1683307195,70604501136
-----
dram
1683307195,9819154485
1683307226,10024114632
package-0
1683307195,66191805279
1683307226,67400673706
package-1
1683307195,70631401763
1683307226,72002857847
-----
dram
1683307226,10028270678
1683307256,10230105876
package-0
1683307226,67425476010
1683307256,68632626973
package-1
1683307226,72030482959
1683307256,73398065701
-----
dram
1683307257,10234106933
1683307287,10438770458
package-0
1683307257,68657188250
1683307287,69860416127
package-1
1683307257,73425228107
1683307287,74768566160
-----
repeat end
dram
1683307288,10442674605
1683307318,10648232079
package-0
1683307288,69884104055
1683307318,71101044238
package-1
1683307288,74797323777
1683307318,76146438914
-----
dram
1683307319,10652364548
1683307349,10862370512
package-0
1683307319,71125934006
1683307349,72320042765
package-1
1683307319,76174532531
1683307349,77562618394
-----
dram
1683307350,10864713997
1683307380,11080021488
package-0
1683307350,72338163324
1683307380,73579640370
package-1
1683307350,77583490472
1683307380,79039678212
-----
dram
1683307381,11084406147
1683307411,11284034687
package-0
1683307381,73605806014
1683307411,74790360049
package-1
1683307381,79067745584
1683307411,80344262762
-----
dram
1683307412,11285922615
1683307442,11495364957
package-0
1683307412,74806512657
1683307442,76034383293
package-1
1683307412,80361411644
1683307442,81663838425
-----
repeat end
dram
1683307443,11499487741
1683307473,11711516824
package-0
1683307443,76059927783
1683307473,77337453565
package-1
1683307443,81690029947
1683307473,83055005762
-----
dram
1683307473,11715896587
1683307504,11931424061
package-0
1683307473,77362736032
1683307504,78578603464
package-1
1683307473,83081934160
1683307504,84387664765
-----
dram
1683307504,11935681561
1683307535,12150257452
package-0
1683307504,78605329592
1683307535,79824313349
package-1
1683307504,84414263635
1683307535,85766939859
-----
dram
1683307535,12154701123
1683307566,12368061963
package-0
1683307535,79848855889
1683307566,81119461645
package-1
1683307535,85794159821
1683307566,87153545807
-----
dram
1683307566,12372488927
1683307597,12584119536
package-0
1683307566,81146617154
1683307597,82403356673
package-1
1683307566,87180830771
1683307597,88500298585
-----
repeat end
dram
1683306051,11499175422
1683306081,11585635493
package-0
1683306051,25850359787
1683306081,26538808891
package-1
1683306051,258869902171
1683306081,259559791091
-----
dram
1683306082,11588537811
1683306112,11674698109
package-0
1683306082,26557217779
1683306112,27242830221
package-1
1683306082,259575942905
1683306112,260267823336
-----
dram
1683306113,11677259222
1683306143,11763777340
package-0
1683306113,27260999608
1683306143,27951411171
package-1
1683306113,260284934743
1683306143,260973153501
-----
dram
1683306144,11766532350
1683306174,11853223252
package-0
1683306144,27969185600
1683306174,28660358391
package-1
1683306144,260988567219
1683306174,261678473961
-----
dram
1683306175,11856046637
1683306205,11942313469
package-0
1683306175,28678785651
1683306205,29359807407
package-1
1683306175,261694299604
1683306205,239890316
-----
repeat end
dram
1683306206,11945079602
1683306236,12031217577
package-0
1683306206,29377801745
1683306236,30064394653
package-1
1683306206,255445513
1683306236,944160974
-----
dram
1683306237,12034019619
1683306267,12120696704
package-0
1683306237,30082693190
1683306267,30767506073
package-1
1683306237,960342023
1683306267,1650703110
-----
dram
1683306268,12123504591
1683306298,12210348997
package-0
1683306268,30785023424
1683306298,31470788270
package-1
1683306268,1666199652
1683306298,2356146617
-----
dram
1683306298,12213114335
1683306329,12299918579
package-0
1683306298,31488768570
1683306329,32180403824
package-1
1683306298,2371925507
1683306329,3063606781
-----
dram
1683306329,12302690051
1683306360,12389091064
package-0
1683306329,32198134674
1683306360,32886915076
package-1
1683306329,3078806022
1683306360,3767941953
-----
repeat end
dram
1683306360,12391855590
1683306391,12478001200
package-0
1683306360,32904518181
1683306391,33608866780
package-1
1683306360,3783294208
1683306391,4476159561
-----
dram
1683306391,12480758566
1683306422,12567182482
package-0
1683306391,33626492590
1683306422,34315020612
package-1
1683306391,4491263770
1683306422,5179111131
-----
dram
1683306422,12569968842
1683306453,12656093276
package-0
1683306422,34332894712
1683306453,35025390803
package-1
1683306422,5194978522
1683306453,5886469427
-----
dram
1683306453,12658921910
1683306483,12745535776
package-0
1683306453,35043524790
1683306483,35738188356
package-1
1683306453,5902283840
1683306483,6589025490
-----
dram
1683306484,12748315633
1683306514,12834818222
package-0
1683306484,35756084184
1683306514,36447008318
package-1
1683306484,6604596678
1683306514,7294151309
-----
repeat end
dram
1683306515,12837580974
1683306545,12924213261
package-0
1683306515,36464910677
1683306545,37156772981
package-1
1683306515,7309728601
1683306545,7999143889
-----
dram
1683306546,12926974727
1683306576,13014006329
package-0
1683306546,37174638292
1683306576,37871678805
package-1
1683306546,8014586904
1683306576,8711169166
-----
dram
1683306577,13016844571
1683306607,13104358460
package-0
1683306577,37889935960
1683306607,38587246431
package-1
1683306577,8727168332
1683306607,9416182315
-----
dram
1683306608,13107142325
1683306638,13194346083
package-0
1683306608,38604817553
1683306638,39302185091
package-1
1683306608,9431700281
1683306638,10123307275
-----
dram
1683306639,13197076934
1683306669,13283907693
package-0
1683306639,39319871447
1683306669,40006011903
package-1
1683306639,10138984725
1683306669,10829720139
-----
repeat end
dram
1683306670,13286664355
1683306700,13373900870
package-0
1683306670,40023729081
1683306700,40717834177
package-1
1683306670,10844955085
1683306700,11535958321
-----
dram
1683306701,13376726719
1683306731,13463945547
package-0
1683306701,40736381737
1683306731,41430105852
package-1
1683306701,11551960478
1683306731,12241663241
-----
dram
1683306731,13466747574
1683306762,13553911352
package-0
1683306731,41448586945
1683306762,42142844872
package-1
1683306731,12257166375
1683306762,12948869865
-----
dram
1683306762,13556697681
1683306793,13644089292
package-0
1683306762,42160695352
1683306793,42851548197
package-1
1683306762,12965027295
1683306793,13654497942
-----
dram
1683306793,13646872622
1683306824,13734067735
package-0
1683306793,42869322627
1683306824,43555345895
package-1
1683306793,13670206520
1683306824,14361600319
-----
repeat end
dram
1683306824,13736900255
1683306855,13824184613
package-0
1683306824,43573589623
1683306855,44274308105
package-1
1683306824,14377512082
1683306855,15065933110
-----
dram
1683306855,13826942331
1683306886,13913811860
package-0
1683306855,44291752396
1683306886,44991076717
package-1
1683306855,15081195644
1683306886,15777141617
-----
dram
1683306886,13916553207
1683306916,14003778048
package-0
1683306886,45008870799
1683306916,45707271966
package-1
1683306886,15792310340
1683306916,16483319557
-----
dram
1683306917,14006552580
1683306947,14093566970
package-0
1683306917,45725065377
1683306947,46424353565
package-1
1683306917,16498934386
1683306947,17189369691
-----
dram
1683306948,14096367191
1683306978,14182976605
package-0
1683306948,46442543582
1683306978,47137273371
package-1
1683306948,17205205283
1683306978,17896651328
-----
repeat end
dram
1683306979,14185752698
1683307009,14272810218
package-0
1683306979,47155095347
1683307009,47855213061
package-1
1683306979,17912106427
1683307009,18605449989
-----
dram
1683307010,14275592493
1683307040,14362224291
package-0
1683307010,47872970889
1683307040,48566673032
package-1
1683307010,18620918333
1683307040,19319842386
-----
dram
1683307041,14365003765
1683307071,14452011423
package-0
1683307041,48584320325
1683307071,49275985974
package-1
1683307041,19334987916
1683307071,20025784976
-----
dram
1683307072,14454757115
1683307102,14541754950
package-0
1683307072,49293424162
1683307102,49997625240
package-1
1683307072,20041062342
1683307102,20735613237
-----
dram
1683307103,14544521587
1683307133,14631235347
package-0
1683307103,50015623119
1683307133,50722766511
package-1
1683307103,20751012306
1683307133,21443740269
-----
repeat end
dram
1683307134,14634043203
1683307164,14720495945
package-0
1683307134,50740699082
1683307164,51443709002
package-1
1683307134,21459899469
1683307164,22147205204
-----
dram
1683307164,14723233543
1683307195,14810075946
package-0
1683307164,51461348300
1683307195,52161549876
package-1
1683307164,22162488857
1683307195,22851465914
-----
dram
1683307195,14812781720
1683307226,14899749444
package-0
1683307195,52178820706
1683307226,52888980753
package-1
1683307195,22866534418
1683307226,23558272454
-----
dram
1683307226,14902482774
1683307257,14989122727
package-0
1683307226,52906634211
1683307257,53606321995
package-1
1683307226,23573644912
1683307257,24263594989
-----
dram
1683307257,14991858550
1683307287,15078034209
package-0
1683307257,53624108388
1683307287,54317575180
package-1
1683307257,24278727213
1683307287,24972572117
-----
repeat end
dram
1683307288,15080769008
1683307318,15167484955
package-0
1683307288,54335116272
1683307318,55032080614
package-1
1683307288,24988021296
1683307318,25682049793
-----
dram
1683307319,15170226042
1683307349,15256673108
package-0
1683307319,55049777651
1683307349,55759464738
package-1
1683307319,25697682809
1683307349,26401026041
-----
dram
1683307350,15259463032
1683307380,15346362687
package-0
1683307350,55777356355
1683307380,56482773982
package-1
1683307350,26416578186
1683307380,27110771172
-----
dram
1683307381,15349156023
1683307411,15435585922
package-0
1683307381,56501195078
1683307411,57202135300
package-1
1683307381,27126642347
1683307411,27822131717
-----
dram
1683307412,15438313897
1683307442,15524590842
package-0
1683307412,57219694520
1683307442,57913417781
package-1
1683307412,27837109583
1683307442,28527949856
-----
repeat end
dram
1683307443,15526392264
1683307473,15612708254
package-0
1683307443,57928941301
1683307473,58621815931
package-1
1683307443,28545529889
1683307473,29238040995
-----
dram
1683307474,15614503189
1683307504,15700689711
package-0
1683307474,58636941930
1683307504,59330735197
package-1
1683307474,29255475459
1683307504,29950005969
-----
dram
1683307504,15702421548
1683307535,15788933195
package-0
1683307504,59346040273
1683307535,60036720634
package-1
1683307504,29967687198
1683307535,30660472473
-----
dram
1683307535,15790861041
1683307566,15876771795
package-0
1683307535,60052957592
1683307566,60749474302
package-1
1683307535,30678068924
1683307566,31381752426
-----
dram
1683307566,15878665017
1683307597,15965312222
package-0
1683307566,60764994038
1683307597,61464223998
package-1
1683307566,31398939943
1683307597,32087765938
-----
repeat end
